42
33
24
40
35
34
34
30
28
37
55
28
42
39
34
47
30
29
33
34
53
32
26
37
30
33
55
38
41
56
56
38
38
54
26
29
40
35
43
32
32
31
38
30
31
71
32
32
49
38
46
44
43
39
35
33
37
39
38
37
40
33
1061
37
41
41
37
72
38
38
40
32
57
32
51
69
40
33
34
36
31
36
37
30
35
44
40
31
40
38
43
34
37
39
35
38
46
33
48
103
88
53
52
40
32
40
39
41
42
44
63
50
55
45
45
44
50
42
73
47
61
54
46
56
44
68
47
45
46
44
46
41
45
41
46
51
52
45
53
41
65
45
163
81
52
55
62
49
48
46
47
43
60
42
84
64
46
52
45
52
43
57
44
51
43
43
50
49
55
36
57
62
45
1123
58
63
51
53
46
43
62
42
41
45
41
40
38
46
43
59
49
46
57
52
50
90
75
45
48
47
67
48
52
48
43
45
43
52
49
46
49
56
47
96
52
46
57
50
54
51
72
67
69
56
41
52
49
48
45
44
65
47
59
58
55
49
67
48
46
46
46
50
39
49
70
59
82
86
63
56
50
58
52
59
57
63
44
48
62
46
57
46
100
49
58
51
43
50
74
60
63
52
69
61
126
62
67
51
114
57
70
65
63
1141
47
50
52
63
61
51
59
74
61
63
60
65
57
52
68
62
52
57
56
73
57
69
105
69
62
123
66
68
63
61
55
58
53
66
67
71
64
61
61
61
64
64
57
57
46
60
79
81
63
57
73
70
127
107
54
58
67
71
60
113
57
70
48
59
65
54
57
68
1128
55
99
57
60
64
75
72
59
63
76
62
60
69
65
62
84
61
67
104
65
75
60
54
73
72
70
103
63
73
64
87
68
83
70
72
84
75
71
73
62
70
64
79
73
79
1070
76
63
66
69
56
61
62
68
62
60
67
62
106
69
68
70
77
85
70
77
68
84
68
77
81
102
119
77
74
56
56
87
59
72
67
66
74
71
67
58
68
67
66
112
71
78
77
67
72
61
78
91
73
73
68
89
78
80
81
84
116
98
104
94
78
80
72
81
76
70
68
72
75
69
76
95
87
80
84
91
89
90
85
91
75
64
82
78
65
65
83
80
87
86
67
79
82
86
85
1126
95
86
77
76
71
112
91
87
84
79
73
79
93
101
171
76
72
71
86
83
77
86
101
102
82
114
84
77
76
72
74
79
88
74
81
94
85
94
84
84
83
72
81
88
92
84
88
91
84
76
79
73
99
74
72
87
90
82
101
72
73
81
86
101
80
85
73
73
88
75
85
89
77
119
88
84
69
72
82
77
87
110
82
73
69
79
95
82
72
78
89
71
88
90
97
75
81
89
102
1143
99
80
85
131
108
97
76
75
98
79
83
101
74
68
131
75
87
83
83
75
77
89
82
69
74
70
75
78
117
82
79
88
78
84
79
88
81
86
82
90
121
77
83
84
80
83
91
82
84
118
78
99
97
100
88
86
87
84
93
83
93
84
76
86
82
92
86
74
90
83
83
126
97
92
93
100
95
82
81
88
105
104
92
74
86
95
92
84
97
87
78
83
82
98
81
94
116
100
93
1143
134
99
104
88
100
104
135
87
118
78
87
98
91
137
94
95
106
129
149
94
94
102
91
91
91
84
103
94
132
96
79
111
97
101
99
103
105
86
89
112
118
99
95
108
107
98
98
117
88
95
141
88
118
111
96
85
91
106
109
93
87
145
84
99
92
116
98
154
97
98
101
99
94
90
91
85
88
132
96
96
104
97
85
102
110
110
95
95
147
86
95
96
85
105
86
109
82
108
120
1107
87
89
102
92
89
91
136
89
97
89
99
92
93
92
115
100
119
98
99
103
101
97
113
92
107
137
104
130
105
106
95
102
83
91
98
97
99
108
108
114
110
94
99
104
141
97
110
113
153
103
94
95
104
121
128
124
111
126
114
101
102
106
137
123
107
90
108
110
91
109
98
105
112
121
109
93
94
103
99
139
136
110
99
93
117
154
84
88
95
104
105
100
104
97
98
137
111
97
97
1191
93
97
92
101
113
102
109
98
99
93
102
99
111
112
94
101
161
97
125
118
105
135
110
97
98
99
98
96
148
109
97
125
112
129
130
109
138
110
104
137
141
98
119
105
109
147
104
109
120
108
104
117
124
145
99
115
135
131
125
120
148
134
114
109
99
96
105
126
135
151
104
111
122
109
125
126
115
161
137
123
116
122
112
117
97
136
127
107
153
140
113
107
134
127
92
141
131
135
105
1149
136
118
138
119
94
117
148
132
143
111
115
138
119
426
140
118
122
132
124
118
132
123
139
190
136
138
146
117
122
141
130
107
147
123
147
151
115
164
175
135
124
124
119
147
131
124
121
139
113
98
107
102
109
160
155
138
118
120
110
122
133
146
242
136
107
136
125
213
147
148
149
119
117
132
121
121
119
183
144
176
125
105
166
203
167
149
129
129
125
120
102
119
133
114
126
108
145
126
121
1225
138
122
117
118
124
122
192
112
140
158
123
121
152
133
105
129
168
129
124
140
133
114
177
160
147
126
134
148
124
117
118
113
115
148
126
133
147
121
141
147
126
123
120
117
135
120
133
130
136
129
158
132
126
135
148
151
135
127
128
170
136
123
177
152
123
149
129
136
147
142
172
151
124
134
132
136
225
149
146
181
130
134
125
117
129
166
141
119
136
165
165
135
131
131
133
128
256
167
123
135
154
1197
132
213
133
213
128
134
122
151
173
167
169
142
127
164
122
142
124
127
146
124
135
136
121
121
144
170
161
151
138
144
114
130
143
115
129
123
129
150
177
162
168
121
138
153
147
128
136
150
129
128
142
158
135
129
124
122
118
126
132
125
127
175
138
196
120
150
127
148
144
149
143
174
154
154
153
129
180
161
152
136
144
143
129
164
136
140
153
135
153
149
160
153
145
220
138
150
155
278
224
138
156
136
138
139
128
134
151
151
132
138
148
172
126
141
150
153
161
151
136
131
128
142
160
186
134
137
153
136
138
141
135
138
133
146
156
195
172
154
150
177
138
158
140
139
144
138
162
155
181
138
130
138
138
147
144
159
151
186
147
159
152
142
162
138
162
156
147
165
199
148
149
135
145
134
128
127
147
133
159
153
179
169
147
162
144
151
157
199
148
160
163
150
190
145
200
143
130
137
135
146
152
158
155
173
170
171
135
147
169
138
147
139
137
154
160
182
138
157
150
153
153
161
153
153
171
188
196
184
158
140
150
162
132
155
135
159
212
144
136
149
142
164
158
151
158
162
165
216
146
152
164
170
167
153
138
152
161
149
175
149
158
156
174
143
146
143
155
133
191
148
156
173
149
161
147
161
147
138
177
143
187
167
194
153
157
158
151
179
147
176
147
169
154
208
152
155
168
161
148
162
208
167
146
159
156
170
161
178
155
152
193
170
172
177
156
152
143
176
169
158
164
191
154
181
167
166
155
160
171
166
162
177
186
147
166
194
152
155
191
157
162
202
183
207
163
210
153
149
155
147
165
205
158
162
157
157
159
169
168
186
158
196
175
154
166
174
163
165
171
156
184
159
181
178
175
159
161
164
176
173
174
220
228
159
178
165
161
170
169
158
154
208
176
184
207
173
168
170
181
169
212
191
169
194
172
227
158
173
171
162
155
228
207
190
171
219
183
220
174
158
211
177
184
191
202
153
165
204
168
175
219
169
177
160
191
213
168
161
165
185
196
198
171
174
158
195
153
174
186
242
187
212
163
204
187
162
168
178
253
179
169
1262
187
172
145
181
168
195
213
146
177
165
161
178
211
219
201
215
154
159
176
194
172
170
168
158
170
199
169
158
173
177
1172
178
166
186
175
159
153
162
168
171
164
159
216
184
176
184
214
178
174
176
185
212
171
195
165
176
186
172
219
175
175
217
189
165
186
205
177
172
176
155
167
208
172
173
177
183
190
192
177
198
213
199
175
194
174
172
179
181
193
225
175
169
169
201
175
184
178
177
226
185
198
180
193
215
175
177
233
187
195
203
211
178
188
182
187
227
189
196
187
192
189
186
195
231
196
198
212
185
191
241
317
256
568
441
528
307
371
401
458
420
385
361
318
278
274
244
256
228
244
227
226
229
229
210
234
270
239
254
240
234
1217
239
261
248
238
282
286
235
244
266
217
250
234
218
212
212
217
191
199
231
198
220
224
220
233
213
211
198
237
191
195
189
191
206
207
244
200
197
194
199
223
210
212
259
199
199
207
196
208
193
191
235
215
199
207
189
198
209
193
190
238
197
190
194
226
197
204
189
195
256
204
192
200
183
212
195
203
214
194
195
217
205
189
204
231
219
200
201
196
209
192
207
195
219
202
209
201
186
197
208
204
257
212
199
193
207
216
234
245
201
194
190
210
196
199
228
203
234
259
462
220
175
209
275
272
226
268
260
233
253
263
249
248
237
285
240
242
225
244
240
252
302
274
261
246
247
237
266
239
274
282
245
235
250
229
260
320
294
238
267
239
261
228
245
282
240
254
224
220
214
215
247
256
198
211
263
190
201
199
191
235
215
212
203
202
211
199
197
294
229
208
192
210
218
201
203
253
212
206
205
229
211
218
206
243
223
220
206
212
201
212
212
246
213
202
211
214
209
217
251
211
217
201
211
208
208
191
242
202
220
212
223
224
231
195
275
230
225
215
222
208
216
247
255
210
247
233
220
208
241
222
260
200
226
223
219
218
215
214
263
208
226
215
219
238
252
218
226
216
215
222
213
218
278
209
224
233
208
214
215
220
267
234
221
226
210
210
215
233
273
249
229
208
235
232
212
252
218
228
217
235
216
216
211
216
287
215
227
252
282
292
255
314
291
255
226
232
233
216
220
257
230
218
230
244
270
215
271
227
224
218
225
256
249
270
225
233
213
255
239
221
274
220
207
212
227
228
218
229
261
241
217
252
225
219
225
258
215
223
222
224
232
237
273
246
204
218
234
244
220
250
258
227
230
229
217
214
227
236
227
228
230
262
215
231
260
236
226
235
234
242
280
269
258
218
213
220
259
215
214
282
227
224
237
241
221
229
276
250
232
236
362
264
227
252
207
218
219
239
238
223
250
224
232
217
225
219
224
260
235
232
228
232
222
218
277
303
233
266
211
219
222
228
319
214
231
247
243
240
224
274
237
291
221
227
223
227
278
235
285
233
240
232
227
270
233
250
238
230
242
232
292
242
230
244
251
250
237
225
289
262
233
233
223
231
254
305
270
249
229
229
238
225
270
275
263
268
226
248
243
282
289
225
234
247
253
282
252
268
246
265
223
278
228
270
244
236
233
230
235
231
277
262
279
248
240
256
225
272
272
233
228
238
235
295
249
255
228
236
250
241
282
246
244
233
244
248
281
284
240
233
260
257
255
231
327
247
242
235
253
253
242
269
245
234
247
278
274
239
285
237
240
243
242
245
387
264
276
241
239
249
250
309
292
243
264
258
240
293
256
232
246
254
249
285
245
255
258
297
257
266
269
240
243
232
277
245
300
267
237
239
242
258
246
334
253
245
228
247
246
280
256
336
260
254
232
258
277
251
240
251
253
240
252
285
244
256
238
246
249
293
257
246
247
266
244
299
240
254
255
247
241
241
270
266
253
240
238
229
286
255
251
240
236
259
297
256
246
249
264
264
246
313
267
243
259
247
258
312
248
255
247
264
255
263
316
261
313
387
285
260
297
232
242
243
249
240
302
278
242
258
250
316
330
242
250
238
261
253
254
296
244
274
256
250
281
319
266
253
248
277
256
254
292
249
253
256
258
282
295
256
254
259
258
251
301
274
269
261
250
241
318
249
263
261
259
260
291
273
251
274
258
249
244
293
269
255
252
252
285
371
269
264
249
251
247
265
304
839
256
253
241
233
311
236
239
287
292
241
282
259
257
269
291
356
287
248
317
334
366
307
284
239
256
239
243
271
299
282
260
262
268
308
424
341
339
358
387
324
380
457
356
335
326
348
323
324
322
321
334
364
329
327
395
366
356
360
350
378
372
332
342
391
324
345
348
334
334
348
334
340
354
328
392
369
347
330
319
354
358
332
324
353
321
317
366
336
313
333
366
336
364
315
316
328
325
379
335
341
332
320
353
372
345
357
337
333
376
325
316
348
335
377
339
339
336
312
318
368
341
344
331
329
330
373
337
337
335
388
394
343
337
332
311
343
419
380
355
366
364
335
362
355
357
356
358
403
380
413
379
393
342
375
340
357
355
380
343
388
352
437
365
362
394
348
331
365
356
374
379
348
376
327
349
410
367
381
368
376
359
385
350
358
368
369
404
353
349
372
365
435
354
361
358
365
355
391
349
383
354
363
357
393
385
361
344
353
377
353
346
365
365
363
384
356
384
384
379
366
410
352
352
385
367
432
387
382
373
379
352
430
422
406
447
472
402
373
430
442
422
451
372
390
360
382
396
394
444
364
427
358
419
387
375
415
351
352
396
369
370
404
347
441
446
421
483
411
410
399
427
392
439
397
519
641
377
346
351
377
353
369
441
363
394
368
361
387
365
388
381
363
359
376
380
370
350
365
396
483
379
386
439
404
378
392
386
394
355
363
394
417
374
383
380
426
404
363
366
363
370
421
363
385
398
389
391
368
366
370
359
417
377
375
394
398
392
434
383
355
357
372
399
384
375
371
379
368
400
372
357
365
362
400
373
379
439
387
359
390
365
378
368
382
393
394
358
374
405
423
382
412
388
361
410
384
425
383
368
406
365
386
392
395
417
389
376
379
377
407
356
361
369
385
401
396
458
386
407
433
388
395
385
402
428
391
384
408
