4
4
5
4
5
5
3
4
4
5
5
5
5
4
4
5
5
4
4
3
4
4
4
3
4
4
4
3
5
3
4
3
5
4
4
4
4
4
4
4
4
3
5
3
4
6
5
5
5
6
5
5
4
4
5
4
4
4
6
6
4
4
4
4
4
4
4
3
4
5
3
4
5
4
4
4
4
4
4
5
5
4
5
4
5
3
4
4
5
4
4
4
4
4
4
5
4
4
4
4
4
5
4
5
4
5
4
4
5
4
5
4
5
5
5
4
4
5
4
6
4
6
5
4
5
4
5
5
4
5
4
4
4
6
5
5
5
5
5
5
5
5
5
5
5
4
6
5
6
7
7
6
6
5
6
7
5
5
5
6
6
5
4
4
5
5
5
5
6
5
5
5
5
5
5
5
5
5
4
5
5
5
5
4
5
5
5
5
5
5
5
6
5
6
5
6
5
5
5
6
5
10
14
21
13
15
11
18
22
24
24
24
20
20
19
18
23
23
26
26
21
19
19
24
23
23
24
24
24
20
24
24
28
25
25
22
21
25
18
23
21
18
20
22
26
23
23
14
11
13
10
12
28
29
29
15
12477
146
174
152
145
165
148
142
146
199
143
139
142
158
143
141
155
171
149
162
156
157
151
143
161
149
164
166
161
265
178
166
154
142
190
175
135
145
141
174
177
180
167
158
164
159
153
152
66876
15
14
22
24
26
23
28
26
24
22
25
24
20
28
31
23
25
21
23
21
32
23
24
23
30
30
25
29
28
27
26
30
23
28
25
30
29
27
29
29
27
30
23
18
13
12
10
13
37
24
29
19
10
6372
66
72
71
66
76
83
90
84
62
67
85
96
64
71
68
67
72
71
82
88
85
68
60
70
63
64
61
73
55
61
58
63
79
97
73
63
81
86
65
100
63
85
63
77
71
63
62
71
85
78
63
75
57
60
73
62
60
62
84
63
59
59
73
68
61
81
94
74
87
70
86
90
75
82
74
78
81
93
82
72
78
103
77
84
80
63
128
73
69
125
89
77
70
89
62
83
1127
63321
24
28
32
29
30
32
29
29
30
30
29
32
35
45
35
29
31
35
33
39
33
35
31
18
15
18
32
18
39276
137
115
136
133
125
155
117
109
116
135
114
112
133
115
118
117
143
113
138
119
140
142
107
112
111
123
130
118
105
118
126
131
121
111
108
119
110
122
136
116
114
106
141
129
119
123
116
124
146
109
136
147
115
106
136
126
140
122
108
117
116
126
122149
13
13
13
12
13
13
13
12
12
12
13
14
12
13
12
13
16
17
16
12
14
13
13
12
12
14
12
14
12
13
13
13
14
13
13
14
12
14
13
13
13
14
13
14
13
13
15
12
14
15
13
17
19
15
18
18
14
14
14
14
15
13
14
14
13
14
14
16
13
14
14
14
13
15
14
14
13
14
15
16
15
15
14
15
15
16
17
23
19
16
16
16
15
15
15
14
15
15
15
14
16
15
16
15
16
15
15
15
16
16
17
16
16
16
16
16
16
16
16
16
16
15
15
16
28
22
22
18
16
16
16
15
17
15
16
16
16
16
16
17
16
15
16
17
16
16
17
18
17
17
17
17
17
18
18
17
25
23
17
22
17
18
18
17
17
19
17
17
17
18
17
18
18
17
18
17
17
17
18
18
18
18
18
18
18
17
18
19
24
25
19
18
18
18
19
18
19
19
17
18
19
19
19
18
19
19
20
19
19
18
19
19
19
18
26
25
22
20
20
19
19
19
18
19
21
19
20
20
19
21
19
19
21
19
20
20
19
20
20
20
20
20
19
27
42
33
20
25
19
20
20
19
20
21
20
22
21
20
21
21
22
20
22
22
21
22
23
20
21
21
21
25
28
22
23
23
21
22
24
21
21
21
21
22
22
22
22
22
21
22
22
21
21
21
23
22
24
22
22
24
34
25
24
23
25
23
23
22
23
24
22
23
23
24
25
23
25
23
23
24
24
24
23
24
23
23
24
33
35
27
24
22
24
24
23
24
24
24
24
23
24
24
25
24
24
25
24
25
24
24
25
24
24
25
36
30
26
24
25
26
26
24
25
25
25
25
26
25
24
25
26
26
25
26
26
25
26
26
25
31
35
28
25
26
54
27
26
26
26
26
29
30
28
26
26
27
28
26
27
26
27
28
27
28
31
33
31
27
29
29
30
29
29
29
30
31
28
31
28
29
28
32
28
30
30
28
29
28
28
37
37
33
30
28
29
30
29
34
29
30
28
28
30
29
29
29
29
28
28
28
30
29
29
27
40
34
32
31
30
29
29
29
31
31
30
30
31
31
32
32
35
39
32
32
31
30
31
31
32
31
30
31
31
30
30
30
32
31
32
31
30
30
32
34
37
44
33
31
32
32
33
32
33
32
32
31
33
32
32
31
32
33
32
32
32
32
31
32
33
41
39
38
32
34
32
34
32
33
37
33
32
33
32
38
32
34
32
35
32
33
33
37
40
41
34
34
33
34
34
33
34
33
34
35
36
33
34
34
34
44
35
34
34
34
44
40
36
35
35
36
34
35
35
35
35
37
35
35
37
37
36
35
35
35
37
36
36
37
36
54
37
36
35
36
36
37
35
37
37
36
38
37
36
37
38
36
36
37
39
35
39
60
50
37
37
39
38
37
37
37
37
39
37
38
38
38
37
37
38
38
39
37
52
38
39
40
39
39
40
40
40
41
39
37
39
39
40
39
38
40
39
40
40
39
41
55
42
40
41
40
39
39
40
40
40
40
41
40
40
40
43
40
42
41
40
50
53
44
44
41
41
40
41
42
40
40
42
42
43
43
42
47
42
41
42
53
45
43
41
43
45
47
44
42
44
43
43
42
43
46
44
46
44
48
42
57
49
44
44
42
43
42
43
45
43
44
44
45
42
44
44
46
51
48
48
45
62
46
44
45
46
45
44
44
50
44
51
46
45
49
53
53
49
49
47
56
64
58
45
55
48
47
49
47
48
56
48
47
48
47
47
49
47
47
49
46
63
47
50
47
48
48
52
52
46
49
46
52
52
47
62
56
47
47
49
56
73
51
46
51
48
48
47
52
64
54
59
53
54
50
50
51
53
54
63
61
67
52
50
55
53
51
52
53
55
52
55
53
51
56
55
56
54
57
54
59
72
57
53
65
57
56
54
52
54
52
60
62
56
59
59
65
53
52
53
66
55
55
63
59
51
53
52
54
52
53
52
52
53
51
50
53
55
52
72
54
52
53
56
54
53
54
55
54
53
54
56
52
52
54
52
57
69
55
54
54
54
60
63
59
58
56
56
57
57
57
60
60
57
58
79
60
60
63
57
59
56
56
74
59
58
58
57
58
57
62
58
93
64
55
56
55
58
56
56
55
58
57
56
56
57
57
57
58
57
74
59
56
60
58
57
60
61
58
59
58
58
60
59
57
59
57
57
76
65
61
58
59
59
57
60
61
62
65
59
60
60
60
58
60
63
62
61
87
64
61
61
61
60
59
61
65
61
60
64
66
69
64
66
60
90
67
64
68
63
62
64
66
67
64
65
63
64
68
65
64
62
68
64
65
69
66
65
64
64
66
67
66
79
68
68
70
80
68
73
97
67
85
66
67
70
68
75
65
67
65
66
73
65
65
65
87
66
64
65
67
65
64
64
65
65
67
65
65
66
65
67
64
80
67
69
66
65
66
67
66
66
66
67
67
66
77
68
66
68
81
68
67
66
67
68
67
70
68
70
68
80
67
71
67
69
88
70
71
69
68
72
68
69
69
79
69
69
74
68
71
68
84
70
68
69
70
68
70
69
70
82
80
75
71
72
72
90
77
74
73
117
71
81
96
79
74
84
96
71
72
71
74
71
88
73
72
72
72
75
72
72
73
72
75
73
76
73
75
73
90
73
74
73
73
74
73
74
74
73
78
74
74
74
73
75
96
75
75
77
75
77
74
74
74
82
75
85
79
75
75
78
100
79
76
76
76
76
75
79
76
79
78
78
77
105
85
84
92
77
77
82
78
77
77
79
78
79
77
76
79
77
79
91
89
79
77
78
79
78
80
78
79
79
81
97
82
77
96
80
80
79
80
79
82
79
80
80
79
88
81
81
80
96
80
80
85
83
81
82
81
80
81
82
85
82
81
81
81
103
82
82
81
84
83
85
83
81
82
82
83
82
83
82
84
100
85
83
84
83
84
85
83
84
86
90
84
83
84
84
84
101
84
84
85
84
85
85
84
85
85
86
85
85
96
105
85
86
85
85
88
87
86
86
103
87
85
106
93
103
87
87
88
87
90
88
88
90
88
88
90
87
101
88
88
88
88
89
88
95
88
87
90
88
87
103
89
114
89
88
90
91
90
88
92
92
110
90
94
90
91
104
91
91
88
90
92
89
92
91
91
91
91
91
96
91
93
110
90
92
93
93
91
93
92
93
93
93
92
96
93
93
113
93
94
100
98
101
103
101
97
93
94
94
96
94
116
93
96
98
96
95
95
95
95
97
95
95
94
98
114
94
94
95
100
97
95
96
98
97
96
96
99
97
96
117
97
96
98
103
98
98
98
98
98
98
99
98
97
118
98
99
99
99
99
99
97
97
100
99
99
102
100
112
98
100
100
102
99
100
98
105
105
101
99
101
100
114
102
99
101
100
102
100
100
102
102
101
100
105
101
118
101
102
100
102
102
103
105
102
106
102
110
102
103
103
124
102
103
102
114
103
107
103
105
104
107
104
105
103
130
105
104
107
103
104
106
104
106
105
104
106
106
105
120
106
108
108
111
106
106
107
108
128
106
106
107
122
110
106
112
107
106
108
109
108
108
107
108
108
108
125
107
108
108
108
109
110
109
111
108
113
109
111
110
122
112
110
111
108
108
109
107
110
109
119
110
110
111
128
111
111
112
111
111
111
111
113
111
118
113
111
110
134
112
113
116
112
113
113
118
112
114
113
114
113
135
112
116
113
113
113
114
114
114
115
114
113
114
112
131
117
116
115
115
115
114
115
131
117
117
118
121
119
140
122
121
118
116
118
117
123
123
119
120
121
121
149
124
120
120
117
116
119
120
118
118
118
119
121
147
120
122
130
121
125
125
122
131
128
143
125
125
125
143
123
127
129
138
121
126
126
133
137
132
127
130
128
138
128
123
129
124
122
124
121
124
122
126
124
122
125
142
122
123
140
124
122
124
124
124
126
126
128
128
148
124
130
126
129
128
130
130
129
134
125
126
124
138
126
127
126
126
126
127
125
142
126
128
126
126
145
129
131
126
126
129
128
128
129
130
127
128
129
140
126
127
131
128
129
130
130
129
131
129
131
136
148
138
132
133
130
131
132
130
131
132
130
130
131
170
133
131
131
130
130
131
131
134
133
134
132
132
161
131
145
138
156
148
139
133
135
135
133
132
135
133
142
133
132
135
137
133
136
133
132
133
140
135
148
134
134
137
139
136
137
134
140
135
136
135
136
141
157
138
154
135
135
139
137
137
137
138
137
137
138
136
155
138
137
139
138
137
137
140
137
142
140
142
141
189
153
150
142
143
141
144
160
142
140
140
143
140
159
141
155
154
152
151
150
142
140
139
140
163
144
158
148
142
152
140
142
141
140
142
140
153
142
141
144
142
145
145
145
142
145
146
153
164
150
144
147
145
145
145
146
145
144
145
158
145
146
146
157
149
146
146
158
146
148
145
150
162
149
149
148
148
158
152
148
150
148
149
147
147
161
147
149
150
151
148
150
149
151
148
151
150
152
178
150
151
151
152
151
150
150
149
173
169
153
175
163
163
155
153
152
151
151
152
152
154
170
152
153
155
152
152
162
153
153
171
154
154
154
153
171
153
157
153
156
156
154
162
156
156
159
156
175
156
156
155
160
154
157
156
157
155
158
159
171
157
156
157
158
157
158
157
156
160
158
158
179
158
160
162
157
160
160
163
162
158
159
177
159
159
163
161
160
161
159
160
161
160
160
181
162
162
162
161
160
171
163
161
162
164
162
164
178
165
164
163
162
175
167
164
163
162
162
164
180
169
164
163
165
169
164
164
164
163
165
164
183
164
166
165
165
166
167
167
168
165
167
166
175
166
166
168
167
167
169
167
168
168
167
167
188
169
168
168
168
168
168
169
168
169
173
189
173
168
171
168
172
172
170
172
169
172
170
191
171
171
171
171
171
171
170
172
171
171
172
190
174
174
172
172
176
173
176
176
176
173
175
173
189
173
175
174
174
177
174
174
173
174
173
195
173
174
175
176
177
178
176
175
175
176
207
176
175
178
178
179
178
177
177
176
178
194
178
178
176
179
177
178
177
179
178
179
179
201
180
185
180
181
186
185
179
184
181
180
182
191
180
181
180
181
180
181
182
208
193
196
182
195
183
183
193
181
184
183
182
198
183
182
196
184
184
183
182
185
185
187
189
183
184
185
185
201
184
186
186
185
186
183
185
191
186
188
197
185
188
186
187
186
186
199
267
197
193
192
225
194
193
188
190
188
199
192
189
188
189
207
190
190
193
216
214
198
198
195
194
190
210
194
192
193
192
194
194
195
193
194
196
193
214
192
192
194
197
194
194
211
209
208
214
197
198
206
198
200
192
195
196
195
220
198
206
198
197
200
207
205
206
210
196
208
194
194
195
194
194
195
195
196
194
194
196
218
208
225
210
224
205
199
198
197
201
199
222
199
201
205
203
202
204
207
204
202
200
229
202
202
203
202
203
200
201
200
199
219
203
206
203
203
205
212
230
222
213
210
211
215
221
250
232
221
217
206
203
206
210
218
204
206
204
204
207
208
203
206
208
227
208
204
205
208
207
