3
2
3
4
3
3
3
4
3
4
3
3
3
3
3
3
4
3
3
4
3
3
4
3
3
3
3
3
3
3
3
3
4
3
3
3
3
3
4
3
3
3
3
3
3
3
3
3
3
4
3
3
3
3
3
3
4
4
3
4
3
3
4
3
4
3
4
4
5
4
6
4
4
5
4
4
4
4
4
4
3
3
4
4
3
3
4
3
3
4
3
4
4
3
3
4
3
3
4
4
4
3
3
3
4
4
3
3
4
3
3
4
4
4
4
3
4
4
4
4
4
4
3
4
3
4
4
4
4
4
4
4
4
4
4
4
4
4
4
4
4
4
4
4
4
3
4
4
4
4
4
4
4
4
4
5
4
5
4
7
6
5
6
6
5
4
5
5
4
5
4
5
5
4
4
5
5
5
5
5
5
5
4
5
4
5
5
5
5
4
5
4
4
4
5
5
5
6
5
5
4
4
4
4
5
5
5
5
4
5
5
5
5
4
5
5
5
6
5
6
5
5
6
6
6
6
6
7
6
7
8
6
6
8
6
5
6
6
5
6
6
6
5
5
5
5
5
6
5
5
5
6
5
6
6
6
6
6
6
6
6
5
5
5
5
6
6
6
6
6
6
6
6
6
7
7
6
6
7
6
7
6
7
11
9
9
7
5
6
7
6
6
7
6
6
6
6
7
7
7
7
7
6
6
7
6
7
7
6
7
7
7
7
7
7
6
8
6
7
7
7
7
7
8
7
8
7
6
7
7
8
7
6
10
8
9
9
7
8
9
8
7
7
7
7
8
8
7
8
7
7
8
7
8
7
7
8
8
7
7
7
8
8
8
8
7
8
7
7
8
8
8
8
13
12
9
10
8
8
8
8
7
8
7
8
8
8
8
8
8
8
8
8
8
8
8
8
8
8
8
8
8
8
8
8
8
8
9
8
9
7
8
8
8
8
9
8
8
8
8
10
8
8
8
8
8
9
9
9
9
9
9
9
9
9
8
9
16
12
9
10
9
8
9
9
9
9
9
10
9
9
9
8
8
9
10
10
9
9
9
9
10
10
10
10
9
10
10
11
10
9
10
10
10
9
10
10
11
10
10
10
9
11
10
10
11
11
11
10
11
10
10
9
10
11
10
10
11
11
10
11
12
10
11
11
10
10
11
11
14
13
12
14
14
11
11
11
11
11
10
11
12
11
11
12
11
12
12
11
11
11
13
11
11
11
11
12
12
12
12
11
12
14
14
15
13
11
12
11
11
12
12
12
12
13
12
13
12
13
12
33
32
24
28
30
29
31
29
32
28
32
30
35
30
32
35
33
39
30
23
15
21
36
15
46503
214
248
247
262
207
218
232
264
219
232
268
234
219
233
250
255
266
247
278
215
233
223
252
307
232
237
227
235
262
252
299
157525
26
31
37
31
39
39
47
43
42
37
41
42
36
38
37
37
36
42
36
42
24
20
21
43
34
15005
64
77
84
80
77
82
72
86
67
88
81
86
98
84
121
66
73
70
69
85
76
86
89
95
86
89
86
79
84
72
77
82
102
88
80
73
89
100
80
87
105
88
94
75
69
98
94
77
97
102
79
85
87
87
82
113
75
72
74
99
74
302
85
115
82
82
77
99
103
75
123
182
103
108
99
100
100
117
90
109
90
80
104
81
118545
42
40
41
48
43
45
43
51
42
51
47
51
29
24
40
71996
138
138
144
147
149
128
131
133
143
135
156
134
123
157
146
150
129
176
141
129
205
150
125
149
136
150
196
143
137
133
128
140
125
139
138
136
143
139
157
148
136
162
137
146
130
121
127
143
137
121
122
134
132
144
205666
20
22
22
21
24
27
21
20
22
20
21
28
21
21
23
21
22
21
21
21
21
21
22
30
24
21
22
21
21
21
22
23
23
21
22
22
23
23
22
21
20
21
21
22
23
23
21
21
22
22
24
31
30
23
21
22
24
22
22
23
22
22
23
23
23
20
22
25
24
24
26
25
24
25
25
24
25
25
25
39
36
25
24
25
25
28
26
24
24
23
22
24
23
24
24
23
24
26
25
26
24
36
31
26
24
25
26
26
26
25
24
23
23
25
23
24
24
26
24
25
25
25
26
24
25
25
25
24
39
26
25
26
25
26
24
26
26
25
25
25
24
27
26
25
28
26
26
25
26
26
26
38
32
27
28
26
27
27
26
26
26
27
25
26
26
28
26
27
29
26
31
40
27
40
30
27
26
27
29
28
27
28
29
27
28
26
28
28
27
28
28
28
27
28
27
27
36
36
32
40
31
28
28
28
28
29
29
28
29
30
38
33
29
29
29
29
30
30
35
33
30
31
30
56
35
29
29
31
30
29
38
32
30
33
30
31
38
33
30
31
29
35
41
30
32
31
50
39
34
31
32
34
38
34
32
32
31
30
31
32
31
32
31
34
32
32
32
31
31
31
37
58
46
31
32
32
32
32
31
32
32
33
31
31
32
48
36
32
32
32
31
32
31
32
34
45
41
38
34
38
34
32
33
34
34
34
37
41
36
39
35
33
33
33
33
34
35
35
34
48
34
39
43
37
34
35
35
42
34
35
33
34
36
46
35
36
36
35
35
36
35
35
48
36
36
36
35
36
36
37
34
35
36
35
35
36
36
36
35
35
36
36
37
36
37
48
39
36
37
40
40
36
37
38
39
38
38
38
38
37
38
38
40
38
39
39
41
37
55
39
37
40
39
38
39
39
38
37
38
38
39
40
40
39
41
38
38
39
40
41
57
45
41
39
40
38
38
45
38
39
46
42
41
43
39
42
40
43
39
40
45
39
51
42
40
39
41
41
40
41
50
44
40
40
40
41
42
41
40
57
45
41
42
42
50
41
42
42
40
41
42
41
41
41
43
42
42
62
51
42
44
43
55
43
43
44
42
44
45
43
43
43
43
45
45
56
49
44
45
43
43
61
42
42
55
47
44
45
43
46
43
43
45
54
43
48
44
45
44
47
49
54
45
46
50
51
45
46
45
44
47
45
46
46
45
45
59
47
65
46
45
47
55
49
46
59
51
47
48
46
45
46
46
55
52
60
55
65
53
47
48
48
47
47
49
46
47
47
47
46
46
47
48
48
57
50
47
48
47
48
50
48
47
48
50
49
49
55
53
48
48
49
48
47
64
47
50
57
49
49
49
50
49
48
50
51
50
59
50
51
65
54
53
51
50
51
56
54
53
52
54
53
51
51
51
57
60
77
55
72
51
50
50
51
51
52
63
51
50
52
55
52
51
50
51
51
52
52
55
52
52
52
69
54
53
52
53
53
52
52
57
52
54
53
53
55
59
68
57
55
54
52
53
55
53
53
55
53
53
61
54
53
67
55
54
55
55
54
56
56
57
56
55
54
55
54
56
55
68
56
54
55
54
55
55
56
56
58
57
56
56
60
68
56
55
63
56
55
57
59
56
58
56
56
57
57
56
74
56
59
59
58
57
58
62
56
57
57
58
58
58
58
57
60
73
58
60
61
58
58
60
58
61
58
62
60
59
58
59
71
60
60
82
59
58
60
59
59
59
60
60
60
59
59
59
72
61
59
60
63
61
60
60
60
61
60
61
61
61
83
62
62
61
64
63
62
62
62
62
63
64
62
62
61
76
63
62
63
62
63
62
67
67
64
63
63
63
64
80
64
63
68
64
64
65
64
63
64
63
64
67
66
82
68
65
68
70
67
66
65
73
69
65
84
70
65
67
64
67
66
65
67
65
65
64
66
67
80
66
77
65
64
69
66
67
64
67
67
68
66
78
72
66
70
65
67
67
89
68
67
66
68
81
67
72
68
72
70
68
73
68
68
67
70
70
70
69
88
69
68
69
68
69
71
69
69
68
68
72
68
69
86
84
69
69
68
69
69
70
71
71
70
71
70
72
88
70
71
75
71
71
70
70
71
71
79
70
72
72
71
85
71
74
71
72
72
73
72
72
75
72
72
72
75
85
72
78
73
73
73
71
74
74
73
75
72
73
73
73
85
74
74
75
73
74
79
75
75
76
74
80
75
89
75
74
74
76
74
75
75
76
78
79
76
75
76
77
89
74
81
76
76
76
76
77
76
75
76
82
76
79
94
78
77
77
77
77
77
77
78
78
83
77
77
93
78
80
78
80
77
78
78
78
79
79
82
79
81
80
79
94
80
78
85
79
80
82
79
83
79
82
80
80
79
93
81
81
82
80
81
81
80
83
80
80
80
98
81
83
83
83
85
81
81
86
82
82
83
82
82
93
83
86
82
82
84
85
82
82
81
86
85
96
83
82
83
84
83
83
85
84
84
83
84
85
89
85
100
83
84
83
84
86
90
85
85
85
85
85
101
85
85
87
85
85
86
88
85
86
89
86
102
87
88
87
87
86
89
91
87
88
86
86
88
100
87
88
87
87
88
88
88
92
91
88
88
88
89
103
89
89
112
89
90
89
89
93
89
91
90
91
90
108
90
89
92
89
91
91
91
92
91
91
92
103
95
93
90
93
92
91
93
91
92
92
92
92
92
114
91
92
93
93
93
94
97
93
93
94
96
98
109
94
96
94
95
96
95
93
96
93
97
93
101
93
93
93
94
94
96
94
98
94
95
96
98
96
116
96
97
105
96
97
100
98
105
96
96
95
97
97
108
96
96
96
100
98
97
98
97
99
98
101
97
98
111
100
98
97
99
100
97
98
98
99
99
98
113
98
99
99
100
99
100
98
99
99
100
118
101
100
99
100
103
101
101
100
101
105
101
107
101
101
101
100
103
100
102
100
101
102
115
101
102
102
105
101
102
104
104
103
107
104
117
102
104
103
103
103
106
103
103
104
107
103
104
105
114
109
105
105
106
106
109
112
105
106
106
110
107
122
111
107
108
107
107
108
109
108
108
107
109
107
125
107
107
107
106
106
107
107
106
106
107
107
107
117
107
106
108
106
108
107
107
106
113
107
112
108
108
108
109
110
109
109
109
110
110
110
121
111
111
111
111
110
114
116
114
113
110
110
127
110
112
117
112
113
111
111
113
120
119
111
123
140
113
113
112
115
113
114
112
114
119
127
115
116
113
114
112
113
114
114
113
115
114
113
129
118
114
114
119
116
115
114
114
118
116
116
115
134
116
116
116
120
117
116
116
118
117
119
131
122
118
117
117
116
117
117
118
122
121
119
118
130
119
123
123
118
119
119
118
119
120
119
120
133
119
119
120
124
118
121
120
124
121
130
134
121
124
119
121
123
128
122
132
121
121
122
131
121
123
122
122
122
123
127
124
125
123
132
126
124
123
124
123
124
130
123
125
124
124
134
123
124
124
125
125
129
131
126
134
124
147
128
126
129
128
126
132
127
126
127
149
127
126
129
138
132
137
129
129
134
126
126
129
144
127
129
128
128
132
129
128
129
130
129
142
144
128
128
130
129
129
131
130
135
131
129
130
129
143
128
129
130
130
130
138
131
130
134
136
131
147
134
131
132
130
145
134
132
131
133
131
133
146
143
137
134
136
133
138
133
132
134
134
134
147
134
134
138
135
135
134
138
136
139
135
150
134
140
136
139
147
135
136
136
137
138
148
138
137
137
135
136
136
138
137
138
139
153
139
138
137
138
141
138
139
138
139
138
141
160
141
142
138
138
139
138
143
140
139
158
142
140
141
146
139
141
140
141
141
144
141
141
152
141
141
141
140
142
142
142
143
147
152
144
155
143
141
142
142
144
143
143
142
143
143
158
142
143
143
146
143
144
144
154
149
144
159
144
144
146
146
145
145
153
145
161
145
146
145
148
146
146
147
146
145
165
148
149
148
148
149
147
146
147
147
148
148
162
165
156
150
160
147
148
156
149
150
169
151
155
153
153
159
159
150
150
151
150
164
150
150
152
152
155
151
151
153
151
152
161
155
152
162
152
152
151
158
153
152
151
157
165
152
158
153
157
156
161
153
155
155
154
166
155
163
156
155
159
168
156
154
158
154
168
156
156
155
154
157
161
157
156
157
167
157
156
163
159
160
157
160
158
156
158
171
158
163
160
159
167
158
158
159
159
173
159
171
161
163
159
164
162
159
161
160
177
161
160
167
161
162
160
161
161
162
173
161
162
163
163
164
163
162
162
168
165
202
163
163
165
165
163
163
163
167
175
164
164
165
164
164
166
165
189
186
166
170
165
167
165
168
166
174
181
168
166
166
166
168
166
166
166
166
173
169
168
168
166
167
167
167
167
169
169
171
184
168
174
168
168
169
170
169
173
169
169
188
171
169
172
169
172
171
172
170
170
172
191
170
171
171
172
171
175
178
172
172
186
172
174
172
173
175
172
179
173
173
179
192
175
174
173
174
174
173
176
174
174
188
175
180
175
180
178
176
176
175
177
188
176
188
177
179
177
181
177
180
176
176
192
177
176
177
178
178
180
177
177
179
193
179
180
179
179
180
178
187
188
178
194
180
180
180
179
179
182
182
181
181
193
180
184
180
181
182
181
183
195
182
197
185
184
183
183
186
188
183
188
186
184
199
183
195
184
191
183
193
192
184
198
186
186
189
186
187
190
184
191
188
201
186
190
188
185
188
195
242
195
190
190
206
188
191
188
188
196
188
189
188
194
188
204
190
188
189
189
189
190
197
192
218
194
192
192
190
221
191
190
191
203
193
205
191
191
195
194
192
193
207
195
192
192
194
195
193
192
192
208
193
196
197
194
193
194
194
193
196
206
195
195
206
197
199
196
194
194
208
198
198
196
198
199
202
199
195
201
214
198
198
200
197
198
197
198
198
200
218
202
203
198
200
209
200
206
199
204
213
201
199
200
205
207
200
200
199
202
212
200
