3
3
3
3
3
2
3
3
3
4
3
3
3
3
3
3
3
4
3
3
4
3
3
3
3
3
3
3
3
3
3
3
3
3
4
3
3
3
3
3
3
4
3
3
4
3
3
3
3
4
3
4
3
3
3
3
4
4
3
4
3
5
5
5
5
4
5
4
5
4
3
5
4
4
4
3
3
4
4
3
3
3
3
3
4
3
4
3
4
4
3
4
4
3
4
4
4
3
4
4
4
4
4
3
3
4
4
4
4
4
4
4
4
4
4
4
4
4
4
4
4
4
3
3
4
4
4
4
4
3
4
3
4
4
4
4
4
4
4
5
4
5
3
4
6
6
5
6
5
6
5
4
5
6
5
4
3
4
4
4
4
4
4
4
5
5
5
4
5
5
4
5
4
5
5
5
6
4
5
5
5
5
4
5
4
4
5
4
6
4
5
4
6
5
4
5
4
5
5
5
5
7
5
5
5
4
6
6
4
6
6
7
5
7
9
6
5
5
6
5
6
5
5
4
5
6
5
5
5
5
5
6
5
5
6
5
5
6
5
6
6
5
6
6
5
6
6
6
7
7
6
6
5
11
6
7
7
7
6
6
7
6
6
6
6
6
6
6
6
6
6
6
9
9
6
8
6
7
6
7
6
6
7
6
6
6
6
6
6
7
6
7
6
6
6
7
6
7
7
6
6
6
6
7
6
6
7
7
7
7
7
7
7
7
7
7
7
6
7
6
8
7
7
7
7
7
7
6
8
7
7
10
10
10
8
7
9
8
8
7
7
7
7
8
7
7
7
7
8
7
7
8
7
7
8
8
8
8
8
8
8
8
8
7
8
7
8
8
8
8
8
8
9
8
8
8
9
8
8
8
8
8
8
9
8
8
8
8
9
12
11
11
9
14
8
8
8
8
8
9
9
8
9
8
8
9
8
8
9
8
8
9
8
9
8
9
8
8
8
10
10
9
9
8
9
9
9
8
9
9
9
9
10
10
14
14
10
11
9
9
10
8
9
9
10
9
10
10
9
9
10
10
9
9
9
9
13
9
10
9
10
11
10
10
10
10
10
10
10
10
10
10
9
9
13
13
12
11
11
11
10
11
11
10
11
9
10
10
11
10
10
10
9
10
12
10
10
12
11
11
11
10
10
11
10
10
12
12
10
12
11
11
12
10
10
11
15
13
13
12
12
10
12
12
11
12
11
13
11
11
12
11
12
11
12
12
11
13
11
13
11
12
12
12
13
12
12
12
13
12
12
12
16
24
40
25
26
32
27
34
31
32
30
31
30
29
30
30
31
29
32
30
27
16
20
31
46871
185
153
160
141
139
140
186
228
125
120
145
155
154
138
160
138
141
154
152
121
118
118
177
131
138
205
138
170
149
147
170
291
191
223
165
208
151
196
148
177
138
141
132
149
153
175
122
144
153067
29
31
32
32
33
30
33
34
36
30
32
33
35
32
32
27
23
22
33
25
50449
232
247
295
294
237
310
225
235
243
227
218
245
261
232
213
208
248
243
247
244
244
247
215
261
224
238
245
232
260
243
251
173775
28
33
35
37
36
35
35
39
39
40
33
34
35
39
35
35
38
30
19
19
40
30
16497
106
102
89
75
92
94
157
85
86
87
97
143
180
118
128
124
89
115
112
86
97
133
84
92
86
103
98
80
92
92
110
105
97
99
83
91
115
101
85
89
94
107
85
73
80
87
83
86
70
82
86
88
99
74
97
82
85
75
92
103
94
81
91
100
78
94
122
105
105
78
88
88
95
81
92
89
95
86
77
122727
47
45
47
54
44
47
48
47
49
51
46
24
30
39
78267
285
295
295
289
276
294
300
288
300
317
472
372
312
290
284
306
287
283
327
278
304
306
314
315
211038
20
19
18
19
20
19
19
19
20
20
20
19
20
20
20
19
20
20
29
22
20
21
20
20
20
21
20
21
20
21
20
21
20
20
20
21
20
21
21
20
20
22
20
31
21
21
22
21
22
22
21
22
22
22
21
21
21
21
22
22
22
22
22
31
22
22
22
22
22
22
22
23
23
23
22
22
23
23
22
22
23
22
23
22
23
23
24
31
24
24
22
22
22
23
23
23
23
23
23
23
24
23
23
24
23
23
23
24
24
24
24
23
23
31
24
24
24
24
24
24
24
24
24
25
24
25
24
25
25
25
25
24
25
25
25
25
25
25
26
38
26
25
25
25
25
25
26
25
25
25
26
25
26
26
25
26
26
26
25
25
26
25
40
27
26
26
27
26
27
26
27
26
26
26
26
26
27
26
27
27
27
27
27
27
26
41
27
27
26
27
27
27
27
28
27
27
27
27
27
28
27
27
28
27
27
27
28
28
39
28
28
28
28
28
28
28
28
27
28
28
28
29
28
29
30
29
28
39
29
29
41
31
29
28
29
29
30
29
29
30
29
30
30
29
30
30
30
29
30
30
30
30
30
43
31
30
30
30
30
30
30
30
30
30
30
31
31
30
31
30
31
31
31
30
42
31
31
34
31
31
31
31
31
31
32
31
31
32
37
41
32
32
32
31
32
32
43
34
32
31
31
32
32
32
32
33
32
32
33
33
32
33
33
32
33
33
46
33
33
33
33
33
42
33
33
33
34
33
33
34
33
34
34
33
34
34
36
33
46
34
35
34
34
34
34
35
34
34
35
34
34
35
35
35
35
35
35
35
35
34
50
35
35
35
36
35
35
36
36
35
36
36
35
35
36
36
36
36
36
49
37
37
37
36
36
37
37
36
36
43
36
37
36
38
38
37
40
37
38
38
37
48
38
38
37
38
38
37
38
38
38
39
38
38
38
38
38
38
38
38
38
51
39
38
38
38
38
39
40
38
38
39
39
39
39
39
40
40
39
39
39
39
54
40
39
40
39
40
40
39
40
40
40
40
40
41
40
41
40
41
53
41
40
40
41
41
41
40
41
41
41
41
41
42
41
41
42
41
42
41
42
59
42
42
42
43
43
42
52
71
80
76
72
70
53
230415
221
220
229
279
221
216
245
210
233
219
263
233
232
247
240
243
262
221
229
246
226
217
241
229
234
244
254
226
237
258
239
380139
43
44
48
50
46
45
45
44
44
44
45
45
46
46
60
45
52
46
46
46
46
48
46
45
46
45
45
45
45
45
45
58
54
45
45
46
45
46
45
46
46
46
46
47
45
45
46
47
47
46
57
46
47
46
46
47
47
47
47
47
47
47
47
47
47
47
47
48
47
64
47
47
48
48
48
48
49
48
48
49
50
47
48
48
49
48
49
49
59
48
49
49
49
49
49
57
49
50
49
50
50
49
50
49
50
49
61
50
50
52
50
50
50
50
50
51
50
50
51
51
51
51
51
60
51
51
50
51
52
51
52
52
52
52
51
53
52
52
52
53
69
54
58
53
53
52
52
52
52
53
53
66
53
53
53
62
53
53
53
53
53
53
54
53
54
54
55
55
53
53
54
91
60
56
56
56
55
55
54
55
56
55
55
56
56
55
55
56
75
55
56
56
55
56
56
56
56
56
56
57
59
56
57
73
57
57
57
56
58
64
59
58
59
61
58
58
67
65
64
70
73
60
59
59
61
63
59
59
61
62
58
58
59
58
59
58
76
62
60
61
61
61
62
62
61
60
61
60
60
61
61
59
72
60
60
60
60
60
62
60
60
60
60
60
60
61
60
62
76
61
61
61
61
62
62
61
62
71
63
62
62
62
62
78
62
62
62
63
63
63
64
62
63
64
65
64
62
63
77
64
64
63
63
63
65
65
63
65
64
63
63
64
86
64
64
65
64
64
65
65
66
65
64
65
64
65
66
88
65
65
66
66
66
66
66
76
66
66
66
66
73
66
65
67
66
67
66
66
66
66
76
67
68
67
67
82
67
68
68
68
69
68
68
67
68
69
68
68
81
68
69
71
69
70
68
69
68
68
68
69
85
69
69
69
69
69
70
70
69
74
114
107
118
86
421347
311
297
311
313
288
297
335
295
305
315
298
308
318
299
290
361
326
309
281
302
336
298
306
333
355
306
311
315
309
308
302
291
333
296
309
289
318
300
308
297
302
313
313
305
302
313
338
301
530417
72
71
72
82
71
72
72
72
72
72
73
72
72
73
72
72
73
72
84
72
73
73
73
73
73
72
72
73
73
76
75
75
95
74
74
75
74
75
74
74
75
75
75
75
75
87
75
75
75
75
76
75
75
75
76
75
76
76
76
76
82
75
76
77
76
77
76
76
77
77
76
77
77
88
77
77
77
78
78
77
78
77
78
78
77
78
87
77
79
78
79
78
79
79
79
79
79
88
132
123
116
105
510132
672
636
679
680
684
650
646
657
667
616
666
582532
130
129
118
113
119233
349
342
3545
3962
341819
81
81
81
81
81
82
81
81
93
81
82
82
82
83
82
83
82
82
85
82
83
93
83
83
84
83
83
83
84
83
84
83
92
97
84
84
84
84
84
84
84
85
84
84
85
84
84
95
85
86
85
85
85
85
85
94
86
86
85
86
93
86
86
86
86
86
86
95
88
86
87
87
102
88
87
87
93
90
88
88
87
88
87
87
102
89
96
89
88
89
88
88
89
89
89
89
89
98
89
90
90
98
90
90
90
91
90
92
91
91
107
90
99
91
90
91
91
91
92
91
93
92
91
112
92
92
93
92
92
92
93
93
92
92
93
93
102
93
93
92
93
93
94
94
93
93
94
94
94
109
94
94
95
95
94
95
95
95
95
95
95
106
95
95
99
96
99
96
96
96
96
96
96
97
103
97
97
97
97
96
97
98
98
102
98
97
98
112
98
98
100
100
101
98
99
99
99
99
98
98
111
99
99
99
100
100
100
100
100
101
100
100
101
112
101
100
100
101
101
101
100
101
101
101
102
103
113
109
101
102
102
102
102
101
104
102
103
102
102
108
103
110
103
105
102
104
103
105
103
104
104
114
103
104
103
105
103
105
104
104
105
114
104
117
104
106
105
105
105
105
105
106
106
106
106
123
106
107
107
110
106
107
106
107
106
106
108
118
108
107
108
107
108
108
107
108
108
108
108
108
117
108
109
109
109
109
109
108
110
109
109
113
110
122
109
110
109
110
109
110
113
110
110
110
111
124
111
111
111
111
112
111
112
111
112
111
121
112
111
112
112
112
112
113
112
112
112
113
123
113
113
113
113
113
113
114
113
114
114
114
125
115
114
115
114
115
123
115
114
115
116
115
122
115
115
115
116
119
116
116
116
116
116
116
129
117
116
117
116
117
117
118
117
117
118
117
131
118
117
118
118
118
118
118
119
118
118
130
119
119
119
120
118
119
120
120
119
120
130
120
120
120
120
120
121
120
121
121
120
121
135
121
121
121
121
122
121
122
122
127
156
177
149
792084
806
851
844
824
816
834
845
805
845
726536
197
164
191255
228
219
227
222
222
194
207
232
218
211
254
234
236
207
202
282
223
249
243
1125
196
204
205
213
245
248
229
216
216
232
200
214
282
244
266
217
234
211
202
200
232
214
219
269
294
238
214
194
215
237
215
209
194
187
213
202
218
214
214
269
270
222
215
465295
129
129
131
130
144
130
131
131
130
130
130
130
131
133
136
136
130
129
130
131
132
132
131
131
132
139
132
132
131
131
134
132
133
132
139
131
146
132
132
133
132
134
132
133
133
133
146
134
134
133
134
135
134
135
134
148
179
166
888368
933
975
952
902
894
969
886
968
761030
137
139
138
150
138
138
138
138
140
139
140
139
140
150
139
139
140
139
141
140
141
139
140
140
152
143
143
143
141
140
141
141
142
155
143
147
142
142
142
142
145
150
143
143
155
144
142
143
142
143
142
149
143
145
143
162
144
144
144
143
147
147
144
145
146
144
158
146
145
155
145
144
146
146
145
146
146
159
147
146
146
148
146
156
148
147
147
147
160
148
149
147
149
149
150
148
148
146
148
158
151
149
163
205
207
228915
217
212
220
273
218
228
305
385
268
239
226
218
219
235
217
215
256
222
260
234
211
234
257
217
304
276
218
221
227
242
237
518403
193
1029610
1001
1015
958
1037
987
1191
1079
809804
152
153
152
154
153
153
165
154
153
153
153
153
154
155
154
154
168
154
154
155
154
156
155
154
154
155
169
155
157
156
157
155
158
157
157
157
156
169
158
156
157
158
157
158
157
160
173
158
157
159
158
158
159
159
163
158
168
159
159
159
158
169
162
159
159
159
175
161
160
160
160
160
160
160
166
162
174
161
162
162
162
163
162
162
161
162
174
162
163
165
162
163
164
167
163
164
175
163
164
165
165
165
164
164
165
165
180
164
167
167
165
165
165
167
167
166
177
166
166
166
166
167
169
170
169
167
179
169
167
170
171
168
169
167
167
169
186
169
183
169
168
169
169
169
168
180
169
169
170
170
169
170
170
171
170
181
170
171
171
171
170
171
172
172
172
180
171
172
171
173
173
172
172
174
186
173
175
175
174
175
173
183
225
219
271691
298
322
256
247
226
262
238
288
277
241
246
242
253
240
248
271
325
247
237
249
241
233
252
283
298
273
267
264
257
567770
177
178
193
178
176
177
177
178
177
178
179
178
184
178
178
179
180
179
178
179
180
180
190
178
181
182
181
180
180
180
184
191
181
181
180
181
183
181
182
194
200
260
216
283663
291
232
264
247
263
251
271
369
257
301
315
237
359
276
341
272
297
263
277
264
321
265
250
249
283
264
279
575663
189
188
200
187
191
190
187
187
187
187
188
197
188
190
188
191
189
189
189
187
199
188
189
191
193
191
189
190
190
190
206
191
191
191
192
195
192
193
213
242
1345785
566
580
545
560
565
586
584
606
570
584
585
533
553
609
618
611
