5
4
4
5
4
4
5
4
6
7
7
7
8
7
7
7
6
7
8
8
11
8
9
9
9
10
11
11
10
12
11
10
12
11
11
11
11
12
11
12
11
12
15
12
15
13
17
13
14
17
14
15
15
15
16
15
15
15
16
17
15
18
17
14
15
16
18
20
20
18
16
16
17
18
19
16
17
23
19
18
19
19
21
23
21
24
23
19
22
23
22
20
22
24
22
20
22
24
24
24
25
22
27
21
24
22
25
23
27
26
26
24
26
24
24
35
30
24
27
29
28
28
26
26
32
29
28
28
30
32
29
35
29
28
30
31
31
34
31
35
33
31
39
32
33
34
33
34
40
32
31
38
33
30
36
39
34
36
37
39
39
35
38
32
34
32
32
36
34
33
37
39
36
37
40
38
40
41
36
36
38
38
44
34
41
39
41
49
38
41
38
42
39
40
41
42
46
39
41
42
44
45
42
47
42
44
39
43
38
45
48
43
45
42
42
47
45
50
48
49
50
47
51
44
50
46
42
51
54
54
51
46
48
55
50
52
52
46
56
53
51
52
57
53
55
56
58
59
56
50
52
51
60
52
51
55
58
56
51
55
57
51
56
52
57
58
58
53
56
54
58
60
59
56
56
60
59
62
62
61
56
60
57
64
59
57
62
59
63
61
62
69
64
60
61
68
59
61
60
65
64
67
64
62
67
62
65
64
66
67
62
61
72
67
68
66
67
69
65
62
71
72
66
73
72
72
66
68
75
68
68
70
70
73
72
70
74
72
72
80
74
70
69
76
70
67
68
77
77
71
79
71
72
71
72
77
75
70
81
82
75
73
77
76
72
75
86
90
79
77
87
82
84
83
88
90
95
76
90
79
78
87
81
83
78
91
85
86
85
86
87
108
98
74
76
84
86
89
81
79
93
84
88
84
91
85
83
88
88
85
91
88
85
84
94
84
94
88
88
84
88
91
86
87
91
90
93
88
94
87
85
97
89
94
95
94
86
91
93
86
88
97
94
90
89
93
90
101
101
94
92
97
94
103
89
102
94
100
96
88
89
100
96
93
98
91
98
99
94
97
104
101
101
98
114
94
106
100
97
106
99
107
99
105
103
102
106
99
108
115
100
97
106
104
101
110
103
101
115
101
108
106
101
115
106
114
111
104
105
108
106
101
115
111
103
111
110
108
113
108
103
116
119
119
104
104
118
114
105
115
124
110
108
109
114
107
111
118
108
111
122
105
115
125
116
109
118
117
120
109
110
127
116
109
128
118
121
111
110
120
113
111
116
129
114
126
110
117
123
117
125
116
119
120
114
126
118
122
131
119
126
123
117
130
116
119
131
122
124
118
124
129
133
119
126
127
137
133
128
123
118
138
124
122
137
122
126
128
130
136
128
131
124
134
132
138
127
138
126
123
137
122
137
126
141
126
146
130
138
134
126
139
126
134
134
138
131
141
132
138
137
133
138
127
140
135
140
140
129
145
148
137
146
136
137
137
147
142
134
134
137
143
152
144
149
137
138
141
134
138
138
137
145
136
152
136
145
148
149
134
142
135
141
154
148
151
141
150
145
157
149
150
149
145
145
149
148
150
146
151
156
153
140
152
153
144
155
146
159
151
158
149
159
147
145
153
157
150
146
152
148
163
147
158
158
165
161
154
156
147
156
151
166
149
161
156
162
155
162
150
153
151
166
158
161
155
157
152
153
167
156
166
154
168
152
164
156
171
162
163
156
172
161
165
168
174
157
173
164
175
164
171
158
166
169
161
160
176
166
165
174
163
166
165
173
163
169
173
178
168
166
176
171
179
168
170
165
171
158
171
168
183
169
180
171
178
178
171
172
174
208
206
204
168
192
175
207
170
185
191
181
189
187
176
188
181
193
174
191
190
193
191
183
209
180
190
178
186
188
180
192
206
191
192
193
206
187
192
185
188
204
174
196
186
188
202
193
187
192
197
190
200
191
204
215
191
208
188
197
203
206
192
201
192
187
199
197
201
190
209
192
191
203
178
197
187
193
192
183
189
198
192
197
195
184
193
186
205
192
198
199
201
197
194
193
196
198
201
207
192
205
201
189
203
198
193
191
202
206
195
207
205
197
207
210
201
211
220
195
206
200
195
210
212
210
197
204
209
203
198
200
199
209
211
209
203
206
227
216
202
213
204
200
202
211
216
211
214
218
202
213
204
215
218
200
212
218
208
209
211
212
203
216
210
209
211
215
220
215
207
211
234
221
203
211
214
204
218
211
208
220
222
216
223
215
214
214
219
219
217
229
227
215
217
222
217
230
214
212
228
223
232
230
215
218
233
233
226
222
222
225
229
218
224
228
221
232
236
214
222
236
234
239
234
230
234
224
229
230
229
230
230
234
230
243
230
220
237
233
228
223
230
231
233
236
234
221
227
237
235
221
226
241
228
241
240
235
223
228
241
232
243
243
242
224
242
239
223
244
232
233
245
241
240
242
238
237
239
254
254
241
245
241
240
245
250
247
246
245
245
244
231
255
262
250
241
247
243
249
250
246
241
247
263
256
245
245
244
247
235
248
243
248
242
248
253
249
252
244
244
255
254
244
266
258
243
258
253
254
253
267
240
265
263
244
250
264
272
263
260
246
253
256
263
245
265
249
255
258
262
249
259
262
259
247
279
255
262
265
254
263
264
264
255
258
257
243
267
275
259
267
266
262
272
264
258
266
270
258
262
275
271
274
269
268
265
262
268
269
273
269
264
267
275
266
275
263
270
259
274
268
266
267
278
276
268
279
276
271
272
266
287
280
275
277
268
275
282
284
266
275
271
283
288
282
284
280
285
281
277
271
282
281
275
275
275
283
282
280
277
284
274
276
277
270
278
278
293
281
280
267
292
290
290
280
292
291
286
288
286
292
287
285
276
283
291
292
286
285
280
282
296
284
299
291
301
289
290
286
290
292
319
286
295
287
295
298
310
297
297
310
295
291
292
292
297
303
286
302
287
317
295
295
299
302
304
279
294
299
318
295
306
301
295
292
289
289
286
305
311
297
291
291
301
301
305
289
314
303
297
294
302
298
300
301
318
311
308
303
303
301
305
303
303
313
301
333
306
318
316
325
310
301
309
305
314
303
306
313
354
303
303
322
323
303
329
309
322
321
313
321
314
324
308
323
312
320
324
317
320
318
326
303
312
316
319
319
331
303
320
316
322
311
306
321
324
320
321
315
316
317
331
326
308
308
320
316
319
321
322
321
311
324
326
322
328
331
318
321
324
320
322
334
353
321
334
325
336
337
324
333
335
335
336
329
328
321
328
329
325
331
331
334
349
350
328
334
349
342
351
336
349
369
331
330
383
387
496
576
506
405
364
356
343
366
332
358
365
341
339
358
363
349
348
339
340
344
338
360
343
355
348
334
337
342
354
369
339
359
338
351
343
345
351
336
344
341
346
352
342
351
346
340
366
353
360
343
341
350
356
341
344
352
351
366
354
345
365
361
349
354
351
351
359
357
381
350
361
360
354
367
376
348
357
371
346
352
350
359
363
349
349
354
381
358
356
365
357
353
353
349
368
366
348
360
375
360
358
362
358
370
361
355
367
359
364
363
356
366
360
366
367
387
375
372
366
361
366
377
370
353
371
366
360
384
371
385
367
371
370
364
367
366
381
380
371
355
388
393
370
370
388
379
376
386
375
375
372
379
369
381
370
375
376
368
376
393
380
383
376
376
396
388
405
393
385
394
385
365
390
387
375
371
374
391
392
378
406
386
374
374
385
385
389
386
398
400
387
391
383
391
383
379
391
397
379
392
395
391
393
397
390
393
385
387
394
395
394
389
390
383
417
395
390
411
379
391
384
395
401
392
390
389
392
438
393
394
400
399
400
414
385
407
410
397
396
395
389
429
382
395
397
410
398
417
399
417
395
397
396
419
393
399
398
419
398
393
407
429
393
401
415
408
401
405
400
403
396
403
417
403
403
416
405
406
416
424
406
411
411
416
431
404
412
411
413
418
416
415
434
416
416
423
396
414
449
406
419
437
421
400
415
420
416
444
426
422
417
428
422
421
412
430
405
440
416
428
431
417
425
428
411
433
422
439
425
410
432
442
425
426
426
439
421
424
435
422
417
428
444
421
435
431
427
423
443
421
412
440
433
454
438
421
442
430
427
443
440
437
454
429
437
451
433
435
440
451
438
429
439
431
440
432
434
457
437
429
441
438
435
441
435
440
437
439
450
430
429
439
442
439
454
444
428
449
440
425
452
444
435
447
439
470
436
459
436
463
454
468
440
436
432
458
436
451
455
448
438
444
456
450
440
449
457
447
442
455
444
457
454
456
455
439
449
460
454
468
453
445
457
456
486
449
452
473
454
457
471
442
457
447
482
475
462
466
451
458
458
463
460
462
450
490
465
475
458
462
454
465
471
467
455
468
463
469
453
485
452
456
466
470
466
479
468
477
452
474
459
450
487
495
465
481
475
477
462
484
480
476
477
472
459
468
488
482
460
484
465
458
472
471
477
476
481
465
472
474
470
486
473
477
491
476
479
468
484
466
478
504
490
510
469
505
483
482
477
512
465
480
501
486
475
475
491
486
490
484
487
477
482
484
477
480
504
479
492
481
477
493
490
496
491
487
498
501
482
481
496
497
525
488
503
495
521
471
483
483
485
480
483
499
499
495
493
489
482
517
494
498
495
504
486
501
492
490
489
488
511
490
523
489
508
498
496
507
494
503
502
526
520
522
532
504
503
513
497
523
487
507
502
512
502
515
516
515
506
526
520
494
509
511
526
494
528
518
520
512
515
509
522
508
507
537
504
513
531
505
520
495
514
509
501
513
523
510
523
516
515
526
520
530
531
526
520
515
510
517
527
512
516
515
529
518
519
514
517
529
529
525
523
520
520
518
533
512
523
522
538
515
521
514
553
510
538
515
515
518
541
540
528
520
531
518
534
515
532
532
518
530
528
526
534
531
531
548
528
537
522
538
535
538
524
534
541
537
534
537
541
556
536
545
518
522
541
532
550
534
543
548
531
541
531
542
517
542
551
541
543
547
546
549
553
534
554
535
553
539
547
554
545
558
551
560
548
550
537
559
562
554
548
533
562
533
547
536
556
534
556
549
564
553
606
569
563
580
564
567
560
548
576
554
555
551
565
560
551
545
555
560
573
554
566
567
553
557
558
563
562
562
569
545
567
548
581
565
545
566
552
579
549
570
562
552
575
562
580
573
577
578
564
572
568
547
572
586
556
586
560
553
609
561
575
588
560
579
556
584
559
574
558
586
578
582
570
581
557
571
571
566
572
562
587
568
580
580
555
588
606
581
582
568
581
614
589
582
589
614
580
584
575
585
584
582
578
587
569
596
599
572
602
575
607
587
598
584
581
578
585
585
592
580
596
580
575
594
588
568
607
573
583
588
587
591
574
598
571
583
580
580
594
605
598
600
604
582
603
576
600
601
610
591
570
588
595
594
592
602
584
621
600
609
606
596
583
613
586
599
614
612
588
612
585
601
631
610
590
619
600
589
598
589
611
599
626
599
614
610
604
596
614
610
611
605
634
613
618
622
612
621
599
619
612
611
608
597
619
621
594
622
622
608
628
610
621
612
626
603
622
636
619
608
640
617
611
629
617
613
625
615
607
646
615
623
645
636
666
664
630
640
629
641
619
634
633
626
659
615
607
626
624
638
616
627
631
619
649
616
622
625
635
632
624
619
626
650
622
621
637
634
632
629
635
630
626
639
646
633
642
624
643
640
644
613
647
637
626
639
656
644
626
648
641
641
634
663
638
658
632
643
640
648
656
631
649
636
637
642
643
636
654
651
641
645
669
670
632
642
650
638
657
638
654
654
658
633
654
657
649
655
630
647
646
646
654
650
700
657
655
663
655
653
651
664
648
666
652
658
638
647
670
661
673
656
648
666
678
658
647
659
661
652
665
656
687
651
658
648
696
656
637
665
653
643
678
652
672
683
680
669
657
666
683
665
653
703
735
706
674
661
673
678
666
649
664
660
651
671
670
688
670
663
659
696
678
669
672
678
658
660
669
719
676
681
678
698
666
658
672
688
687
690
668
670
675
666
675
704
676
676
680
681
675
694
695
708
683
672
696
667
692
668
677
697
698
688
666
679
697
684
673
688
692
687
680
701
707
688
691
701
688
692
675
700
728
697
680
694
690
705
696
670
702
706
689
690
703
699
701
703
694
701
716
702
695
699
709
700
700
693
716
690
712
699
687
711
729
709
701
686
682
720
699
722
687
701
692
715
712
704
712
727
704
727
691
697
709
734
712
700
696
708
705
731
719
694
723
690
710
713
721
712
744
704
720
718
716
717
729
726
723
711
718
725
734
708
712
729
723
717
716
710
721
708
708
721
737
745
710
745
724
729
735
725
731
730
726
712
729
729
715
719
734
728
731
713
730
722
721
729
728
715
732
724
715
731
713
738
727
735
729
743
722
713
726
748
746
725
739
762
740
727
751
732
740
721
732
739
751
739
741
739
746
743
750
725
733
741
746
734
740
751
747
755
748
757
734
732
733
746
731
745
752
740
764
748
742
761
740
741
739
769
738
743
738
724
761
757
735
742
768
745
764
760
754
726
746
747
738
764
739
749
740
750
752
760
756
765
783
750
747
749
771
759
738
757
752
763
773
766
766
764
766
770
768
750
757
761
740
758
758
784
761
773
739
801
777
775
761
769
739
783
798
766
769
769
780
784
761
783
768
762
771
773
765
770
768
757
792
769
781
772
791
779
766
768
804
780
773
765
785
782
787
803
776
781
781
757
769
771
755
793
786
775
768
818
828
797
790
784
802
7
798
771
