3
3
3
4
3
4
4
4
3
3
3
3
3
3
3
4
3
5
3
4
4
3
4
3
3
3
4
3
3
4
3
3
4
4
3
4
3
3
3
4
4
3
3
3
3
3
3
3
4
3
4
4
4
3
3
3
4
3
4
4
5
3
3
4
4
4
5
5
5
5
5
4
5
5
5
4
4
5
4
4
4
4
5
4
4
3
4
4
4
4
5
4
4
4
4
4
5
4
4
3
4
4
4
4
5
4
5
4
5
4
5
4
5
4
5
4
4
5
4
5
4
5
4
5
5
5
4
4
5
4
5
4
5
4
5
4
4
4
4
5
4
5
4
4
5
4
5
4
5
5
5
5
4
5
4
4
5
4
6
6
5
6
6
4
6
6
5
4
5
4
4
4
5
4
5
5
5
5
5
5
5
5
4
5
5
4
5
5
5
5
5
5
5
5
6
5
5
6
5
4
5
5
5
5
5
6
6
5
6
5
5
6
5
4
5
5
5
6
6
6
5
7
6
5
6
6
5
8
7
8
9
12
8
9
9
9
8
13
22
11
10
10
6
11
7
6
6
5
7
5
5
6
6
5
5
6
5
5
6
6
6
7
6
6
6
6
6
5
6
6
6
6
8
6
6
6
6
6
6
7
6
7
6
7
8
8
8
10
7
8
8
8
7
7
6
7
6
6
7
7
7
7
6
6
6
6
6
6
7
8
7
8
8
8
7
8
8
7
7
7
7
8
8
9
8
8
7
8
9
8
7
7
9
10
9
8
10
8
8
7
8
8
8
7
7
9
7
8
9
7
8
7
7
7
8
8
8
9
8
9
8
8
9
8
8
8
8
8
9
8
8
8
8
8
8
8
12
11
12
8
10
9
9
8
9
8
8
9
9
8
8
8
8
8
9
9
9
8
9
8
9
8
9
8
8
9
9
9
10
9
9
8
8
9
9
10
9
9
9
9
9
11
12
12
10
9
9
9
10
9
10
11
9
9
9
10
10
9
10
11
10
10
9
9
9
10
10
10
9
11
11
11
10
11
10
10
10
10
10
11
10
11
12
12
15
13
11
11
10
10
10
11
11
11
11
13
11
12
11
10
17
11
11
11
12
11
17
12
11
12
12
11
12
11
12
11
11
11
11
13
11
12
12
12
15
14
13
13
12
12
12
12
11
12
12
11
12
13
11
14
12
12
12
13
12
14
12
12
13
13
13
12
14
12
13
12
15
17
19
13
12
12
12
13
13
12
13
12
12
13
13
12
13
13
13
13
14
14
13
12
14
12
12
13
12
15
14
13
13
13
14
24
16
16
14
14
13
13
12
13
13
13
14
14
13
12
13
13
13
14
13
13
13
13
13
14
14
14
14
14
14
14
14
14
14
19
16
17
14
14
14
14
14
15
15
14
13
16
15
16
14
14
15
15
15
15
15
15
15
15
15
15
14
16
15
16
19
19
19
15
15
14
15
17
16
15
15
16
17
17
16
16
16
16
16
15
16
17
16
18
16
16
16
16
16
16
16
26
18
17
16
17
16
16
17
17
17
16
16
16
16
17
19
19
20
18
18
17
17
16
16
17
17
26
19
17
17
18
17
17
17
18
16
17
18
17
17
18
18
18
19
18
21
18
18
18
19
17
18
17
18
18
24
22
18
19
18
18
19
19
21
24
21
22
31
22
26
30
21
20
21
19
20
19
19
20
27
21
19
18
19
19
18
18
19
19
19
19
20
19
19
19
19
20
19
20
20
20
19
19
27
22
23
20
21
20
20
20
20
20
20
21
20
21
20
21
20
21
21
22
20
20
22
20
31
21
21
20
21
21
21
21
22
21
21
21
21
20
22
21
21
21
22
21
21
24
35
26
21
22
20
21
21
22
21
21
22
21
21
22
22
21
22
22
21
22
21
22
28
22
21
24
22
22
22
22
21
22
22
22
22
22
23
22
22
22
22
23
22
23
23
23
23
23
28
24
22
22
22
23
25
23
23
23
22
23
23
23
23
24
24
23
23
23
23
24
24
23
30
25
24
24
24
24
24
24
24
24
24
24
24
24
24
25
24
25
25
24
24
24
25
33
25
25
25
24
25
25
25
25
25
26
25
25
25
25
25
25
26
25
25
26
26
26
26
26
26
25
39
26
27
27
26
27
27
26
26
25
26
26
26
26
27
26
26
26
27
26
28
27
26
37
26
27
27
26
27
27
28
27
27
27
26
27
28
27
27
27
28
28
44
87
33
30
29
30
29
29
28
29
29
29
28
29
28
28
29
29
29
30
29
28
29
29
29
30
39
29
29
29
29
29
29
29
29
29
29
29
29
29
29
29
29
30
30
30
29
30
48
30
30
30
30
30
30
30
30
29
30
30
30
33
31
31
30
31
31
32
31
35
32
31
31
31
31
30
31
32
31
31
31
31
31
31
32
32
32
32
32
35
32
31
32
32
32
33
32
32
32
32
32
32
33
32
33
32
33
33
33
33
33
33
33
33
45
33
33
33
34
33
34
33
33
33
34
34
35
34
35
34
33
34
35
34
35
34
46
33
34
34
34
34
35
35
35
35
35
34
35
35
35
35
35
35
36
43
36
35
35
36
36
36
36
35
35
36
36
37
37
39
52
47
36
36
39
40
37
37
56
39
40
51
49
48
41
43
42
45
53
42
51
39
47
40
39
40
38
49
38
38
60
38
37
38
38
39
49
38
40
39
39
38
39
38
38
39
39
39
39
38
40
52
39
41
39
40
41
39
39
40
39
39
39
48
39
38
39
40
41
50
40
40
40
40
44
41
40
41
45
56
41
40
42
40
40
43
42
41
42
42
41
63
42
46
41
51
41
41
41
42
43
42
42
42
42
42
42
50
50
55
43
42
43
42
42
43
42
43
43
43
48
43
43
43
43
43
43
43
56
44
44
43
43
43
43
44
45
44
44
44
44
44
45
47
44
44
44
56
45
44
45
45
45
45
45
44
44
45
45
45
45
45
52
45
56
46
60
46
46
45
48
48
46
45
46
46
45
46
46
46
46
64
47
47
60
46
57
47
46
46
46
47
47
47
46
48
47
48
47
48
47
48
56
47
47
47
47
63
47
50
48
47
48
47
48
48
48
48
48
49
49
58
49
74
49
49
49
48
50
50
50
50
50
50
50
52
58
50
49
50
51
64
56
50
50
51
51
50
51
51
52
51
64
52
51
50
51
51
68
51
52
52
67
68
52
52
52
52
53
64
53
57
53
67
54
52
51
52
55
53
60
54
52
53
53
52
53
60
72
52
54
54
53
55
53
61
57
54
57
57
58
54
57
69
56
55
72
54
54
54
54
74
55
55
55
64
55
55
59
55
54
56
67
56
65
59
56
59
58
56
66
67
65
57
58
57
71
56
56
57
58
57
57
56
55
57
56
64
58
59
77
57
66
77
58
61
64
58
59
59
59
59
58
59
71
59
70
58
58
66
60
58
59
60
60
59
60
68
60
68
63
69
62
60
60
61
62
63
61
60
61
61
62
60
61
60
67
62
61
63
62
60
60
60
62
62
60
61
62
61
62
62
60
72
62
62
62
62
61
61
62
63
62
62
61
62
63
63
63
75
71
63
63
64
63
63
64
63
63
64
64
64
64
65
63
69
73
63
64
64
64
64
65
64
65
65
64
65
66
64
79
64
65
65
66
65
66
65
65
65
65
66
66
66
76
67
65
67
66
66
66
67
66
67
68
66
68
66
67
72
67
67
76
68
68
70
67
68
68
75
88
89
68
71
70
75
72
70
72
69
74
72
72
81
71
70
70
70
69
70
70
71
82
79
70
69
69
70
70
71
70
70
71
71
70
71
71
71
78
71
88
71
71
71
72
71
72
72
72
72
72
71
81
73
71
72
73
74
72
72
72
73
72
73
85
72
73
73
73
73
74
73
77
73
74
74
74
74
86
75
74
74
74
74
74
74
74
75
74
75
75
75
91
75
75
76
75
76
76
76
76
76
76
76
76
76
87
77
77
77
78
78
76
76
76
77
77
77
82
77
76
78
77
77
78
77
78
78
78
79
78
78
85
79
79
79
78
78
79
79
78
79
79
79
103
79
79
80
79
80
79
80
79
79
81
80
79
89
80
81
81
81
81
80
80
80
81
81
81
81
92
81
82
82
82
81
81
83
83
82
82
83
82
82
94
82
83
83
82
83
92
83
83
83
83
83
84
84
95
85
88
86
85
87
85
83
84
85
84
87
84
83
96
85
85
85
85
84
85
86
86
85
85
85
84
86
97
86
86
87
85
86
86
86
87
87
86
87
97
87
87
87
87
87
88
87
87
87
89
87
88
100
88
89
96
88
88
89
88
90
89
89
88
89
89
98
89
90
90
89
91
89
90
90
90
90
91
91
91
102
90
90
90
90
91
92
91
92
91
92
91
91
106
92
92
93
92
92
92
93
93
92
92
92
92
101
92
93
94
93
93
93
95
94
93
93
94
93
111
94
94
94
94
95
94
94
94
94
95
94
94
100
95
95
95
94
95
95
95
95
96
96
95
95
107
95
96
96
96
96
97
97
97
97
97
97
97
106
97
97
98
98
98
98
98
98
99
98
97
98
111
99
98
98
98
99
99
100
99
99
99
99
100
112
99
101
100
100
100
100
100
100
100
100
100
101
111
101
101
101
101
101
102
101
102
101
100
102
102
113
103
103
102
102
102
103
103
111
102
103
102
117
103
104
102
103
103
103
103
103
103
103
102
104
118
104
104
104
104
104
104
104
105
105
105
114
114
106
106
106
106
106
106
106
107
105
106
107
111
107
107
106
107
109
108
107
106
114
107
107
120
107
107
107
107
107
108
108
109
109
108
121
109
117
109
108
109
109
110
110
110
110
109
109
112
111
110
110
112
111
110
120
110
111
110
119
112
112
111
111
111
111
112
111
118
111
112
112
126
119
112
113
113
114
113
113
113
113
119
114
119
114
114
115
115
113
113
114
114
113
114
114
114
125
114
115
115
115
115
116
115
114
115
114
116
116
119
116
115
116
117
115
117
116
117
116
115
130
117
117
117
118
118
118
118
117
118
118
117
118
130
118
118
119
119
119
119
118
119
119
120
131
119
118
119
120
121
120
119
121
122
132
120
119
120
120
121
122
121
120
121
121
129
137
120
121
121
122
121
126
122
122
121
122
132
124
123
123
123
123
123
123
123
123
124
124
130
124
123
122
124
124
124
125
126
124
133
133
125
125
124
125
143
126
133
125
126
137
127
126
126
127
126
127
127
132
132
130
127
128
127
127
127
128
128
128
128
137
128
128
128
130
129
128
132
128
130
140
131
130
129
129
129
137
130
130
128
130
130
140
129
132
131
132
133
131
130
129
131
142
131
131
131
131
132
132
132
134
134
133
142
133
133
133
133
132
133
133
133
132
147
133
134
135
135
134
134
136
134
134
145
134
135
135
136
135
134
142
136
136
143
136
136
137
136
137
136
144
158
136
140
148
150
154
137
137
136
136
140
137
137
138
151
138
137
146
138
138
139
140
139
138
140
139
152
140
139
139
142
147
147
145
156
145
150
140
140
140
140
141
141
141
146
141
156
142
142
141
143
141
142
143
141
142
143
143
148
143
143
144
144
144
143
145
143
144
146
156
144
145
156
145
144
145
145
144
145
146
155
144
144
145
146
145
146
146
146
144
147
158
146
146
147
147
147
147
157
147
148
147
160
147
147
149
148
149
148
151
146
149
148
154
157
149
148
150
150
150
150
158
151
165
150
150
151
150
158
150
151
149
151
151
163
151
152
152
152
152
153
152
150
163
152
152
152
151
152
156
153
153
154
153
167
154
153
155
154
153
155
162
154
154
156
161
155
155
155
155
154
155
155
154
155
156
166
156
155
156
157
156
157
156
158
158
168
156
158
157
157
158
157
157
156
158
166
162
160
166
160
161
159
158
160
163
158
167
160
158
159
160
166
160
160
160
160
175
169
162
161
162
161
163
161
161
162
161
171
161
162
162
162
162
163
163
162
163
171
163
164
164
163
163
163
163
164
164
163
171
164
164
165
166
165
173
165
164
165
171
166
165
167
166
167
168
166
173
167
166
177
168
166
168
167
167
168
164
167
169
176
168
168
168
168
169
169
171
169
169
176
169
169
171
170
170
170
180
169
169
181
170
170
172
170
171
175
171
171
174
171
177
172
171
172
179
172
174
172
172
174
173
181
175
173
174
173
174
173
175
173
174
181
175
174
175
175
175
175
174
175
175
175
187
199
176
176
176
177
177
176
176
176
176
181
177
175
177
177
177
178
178
177
178
189
186
178
177
179
179
178
177
181
179
181
189
180
180
180
182
182
181
179
180
191
181
180
185
181
180
182
182
181
182
190
181
185
183
182
182
185
183
182
183
196
183
184
185
184
183
184
184
185
199
184
185
184
185
185
184
187
186
185
197
186
184
186
185
186
184
185
186
186
192
186
187
187
188
187
189
189
187
198
191
187
187
188
188
189
188
188
189
196
190
190
190
190
191
190
190
189
195
191
227
197
192
190
189
196
192
204
192
193
191
196
199
197
193
193
192
211
192
193
194
193
201
193
192
194
193
206
193
193
194
194
195
195
192
195
194
199
196
194
196
196
195
196
195
197
197
210
196
196
198
196
197
206
197
197
205
197
200
197
200
197
204
197
199
204
198
199
199
198
201
199
199
201
199
212
199
201
201
201
202
201
199
201
211
202
207
201
205
201
203
201
200
212
202
203
202
203
203
203
205
203
213
202
203
204
203
207
204
206
206
202
213
205
205
206
205
207
206
207
206
206
216
204
208
207
207
207
206
209
206
213
208
207
210
206
208
209
235
205
208
219
209
209
209
209
208
208
209
209
226
209
209
211
211
210
211
215
210
223
211
213
212
211
210
211
211
212
212
223
214
231
212
212
214
212
214
213
212
221
212
214
214
214
213
214
215
214
223
212
215
215
217
215
225
215
215
224
217
217
215
216
217
226
220
216
217
224
220
216
217
219
216
217
219
219
232
217
219
219
220
218
216
219
221
227
218
220
221
221
220
218
220
224
221
225
222
221
222
228
221
222
224
222
227
221
221
223
219
223
224
225
231
222
224
223
233
224
224
224
234
224
239
226
225
225
223
226
235
227
228
228
226
226
225
226
233
227
227
227
231
239
229
226
228
227
226
227
227
228
241
231
236
232
229
247
231
256
239
231
230
230
230
229
229
243
230
237
232
232
234
232
232
245
231
233
234
232
233
232
232
233
232
241
233
233
233
233
232
236
232
235
239
236
236
237
234
232
235
236
237
243
237
236
237
237
235
236
238
237
243
237
238
236
240
236
236
238
236
242
239
238
240
238
237
240
238
241
248
240
239
239
239
242
242
242
252
242
243
240
241
240
240
241
242
249
242
242
249
244
240
247
248
251
244
242
245
243
243
243
245
242
255
244
244
243
245
249
302
254
285
262
267
248
267
250
249
252
264
248
248
247
245
249
247
249
248
256
248
250
246
249
248
250
248
250
253
250
250
249
249
249
248
251
271
251
249
251
250
252
251
252
250
258
252
253
252
261
253
252
252
253
255
253
251
253
253
254
253
254
253
260
253
256
251
258
254
257
254
272
258
257
256
257
263
255
256
263
258
259
258
255
257
257
257
256
267
258
258
256
265
259
259
268
262
259
261
259
266
268
259
270
278
265
270
260
261
260
259
261
259
267
263
263
263
262
262
263
261
262
276
261
263
263
265
265
265
267
265
265
267
264
264
264
265
271
265
267
265
272
266
266
266
273
266
268
267
274
267
267
268
275
268
272
268
266
266
266
269
274
272
271
270
271
269
270
277
270
277
271
268
277
268
271
273
269
283
271
270
269
272
271
273
273
279
282
272
276
273
274
272
276
273
285
277
273
275
273
276
283
276
273
282
277
277
276
282
281
276
276
284
275
278
275
277
278
279
278
284
278
278
280
275
277
278
280
287
289
278
281
280
281
280
285
281
281
282
283
281
282
291
282
281
291
284
281
282
284
284
282
280
282
282
283
289
284
283
287
279
284
285
283
285
288
290
284
285
286
286
300
286
298
287
282
287
286
285
286
298
287
285
287
283
290
288
287
293
289
290
291
289
288
293
291
299
290
289
290
288
291
290
304
291
290
292
291
290
291
295
300
292
292
293
291
293
295
291
304
291
295
294
295
294
294
295
302
293
294
296
294
295
304
303
295
297
297
296
295
299
301
294
298
296
293
299
298
302
301
295
300
295
300
298
307
303
298
300
302
298
300
300
309
301
300
304
300
301
300
309
304
304
303
305
300
306
315
301
305
306
313
309
320
320
307
373
356
383
366
310
324
308
311
328
321
325
313
322
310
308
308
308
308
311
328
308
307
308
309
307
308
307
321
310
310
308
306
308
307
317
311
313
309
305
309
307
318
317
311
327
309
310
309
312
326
310
313
311
313
313
313
315
326
315
314
316
317
315
318
330
317
317
316
315
316
316
367
326
317
320
358
327
336
321
316
329
333
323
320
334
322
319
348
327
325
325
332
321
323
321
321
328
322
335
321
320
319
323
322
326
346
322
320
323
317
321
325
326
325
324
323
325
323
321
322
328
323
323
325
320
325
324
330
324
323
325
324
323
327
337
325
326
332
326
328
323
331
329
326
336
334
327
327
338
326
327
330
329
326
330
335
328
332
329
330
335
330
341
338
331
330
331
330
329
346
331
332
347
329
336
332
343
334
335
333
333
342
333
339
334
333
332
334
335
336
335
341
332
335
334
334
335
336
342
335
334
334
335
336
340
339
342
336
338
348
337
339
339
335
345
339
339
338
339
338
341
342
354
339
343
343
339
343
342
339
351
344
342
340
344
344
342
353
343
341
342
351
343
345
345
349
344
356
342
341
351
344
345
353
347
346
344
346
347
348
358
362
351
351
350
345
348
363
351
348
349
344
350
349
358
346
352
348
349
348
351
362
350
352
352
349
351
353
352
362
355
355
376
355
355
351
367
353
354
351
350
352
352
365
359
357
353
355
373
354
355
364
358
357
355
357
357
359
365
361
358
358
357
357
356
360
367
357
372
359
360
356
360
359
369
357
361
362
358
360
362
371
360
363
363
359
364
363
362
371
359
365
361
363
363
364
376
363
364
368
363
364
367
364
368
364
368
370
364
368
366
366
371
368
368
368
366
366
370
366
372
370
369
368
367
378
376
376
370
375
373
378
370
377
370
368
371
370
371
370
384
381
375
369
383
377
391
373
381
374
377
370
386
383
375
381
375
400
373
372
374
387
374
375
374
385
378
376
379
382
378
376
370
378
377
378
387
376
379
377
379
378
382
396
378
379
380
380
376
379
380
395
381
380
382
387
381
379
388
384
385
378
381
385
384
390
383
385
387
381
396
394
388
391
385
386
388
398
385
410
390
388
388
405
385
388
387
385
385
387
399
387
399
384
387
388
392
398
388
389
389
391
389
392
391
398
398
393
392
391
392
398
397
393
390
390
392
394
403
395
394
392
391
395
393
400
398
404
396
392
394
397
397
394
406
392
400
394
396
395
397
414
398
404
398
399
395
399
421
399
397
399
400
411
400
412
400
403
402
399
398
401
401
408
405
398
397
398
404
404
401
403
401
405
406
400
400
404
419
404
407
404
404
403
404
418
405
406
404
406
406
405
412
404
411
415
406
403
406
406
415
409
408
414
406
407
410
421
410
406
411
413
436
420
418
407
415
415
413
409
423
407
425
410
413
411
420
412
411
414
416
416
412
421
414
409
415
413
410
415
420
418
416
410
424
418
415
434
418
418
416
426
417
420
435
479
417
417
415
418
417
437
418
425
421
417
421
420
434
421
423
419
419
422
423
434
422
419
420
428
423
423
433
421
423
424
449
427
457
466
426
423
423
424
427
426
439
426
424
423
425
427
431
435
433
426
431
427
429
428
439
431
429
424
427
429
431
437
430
438
431
436
437
433
445
434
437
450
435
435
435
452
433
434
446
429
433
430
441
442
432
433
432
429
438
435
434
437
437
434
434
442
436
436
434
440
437
437
451
434
437
436
437
438
437
446
440
437
437
437
439
440
455
443
443
436
447
436
441
449
443
443
438
442
444
453
441
448
442
449
445
446
454
449
446
440
443
442
445
443
454
450
447
442
445
445
452
448
447
445
448
445
455
456
443
448
449
447
467
457
456
448
446
451
444
451
470
450
449
449
453
452
460
455
451
449
448
463
454
460
454
455
453
453
448
454
464
458
457
453
455
454
456
466
462
462
459
453
455
465
488
457
459
457
460
459
471
459
465
458
458
457
457
470
483
456
456
456
462
459
467
469
461
460
464
460
482
468
461
461
465
466
476
467
468
466
461
462
463
465
465
462
466
468
468
464
475
465
466
467
468
465
467
476
465
463
478
467
468
469
481
468
471
468
472
473
475
470
471
466
466
467
468
483
471
469
470
477
473
476
480
473
473
476
472
474
476
480
472
473
473
474
471
472
541
506
500
482
474
474
475
491
478
483
476
477
479
490
477
480
473
479
482
494
482
479
486
477
477
492
479
483
474
490
479
482
489
484
482
484
484
484
494
483
482
486
484
483
495
483
485
487
485
487
502
485
488
488
493
486
484
497
486
485
487
486
487
497
490
495
487
494
492
493
494
487
491
487
492
491
498
492
490
494
489
499
503
493
493
488
490
492
490
497
498
494
494
494
493
515
503
496
495
499
493
495
505
496
499
495
494
498
495
509
498
497
500
498
499
502
505
498
499
497
499
501
499
511
506
500
501
503
501
510
503
502
507
505
503
506
506
501
504
504
503
501
513
505
502
502
504
504
506
514
521
506
507
509
504
516
514
507
504
508
504
515
510
507
515
505
515
513
509
517
513
509
522
523
513
512
519
509
510
512
516
514
512
511
522
512
531
519
512
514
534
536
518
515
518
512
519
513
515
516
515
518
526
518
517
516
519
519
519
523
519
517
518
519
519
517
523
519
522
517
523
522
534
521
520
520
520
520
537
527
524
525
524
524
523
531
527
522
522
526
522
536
532
526
522
523
529
528
525
533
530
530
526
528
523
539
526
526
528
527
529
528
537
530
534
538
529
532
544
531
529
533
528
559
530
545
529
532
534
533
532
540
532
538
532
531
534
536
538
536
535
566
537
541
535
543
536
547
536
536
536
542
545
539
538
539
539
536
543
538
539
536
538
536
538
542
546
541
541
541
545
542
551
546
544
541
545
542
541
553
543
540
544
545
542
545
548
545
544
544
544
542
554
546
541
553
544
544
556
549
548
550
550
548
546
555
548
550
551
555
569
551
557
556
550
548
550
556
551
552
550
553
551
565
549
559
551
562
559
567
556
556
551
550
553
563
557
561
555
564
553
554
563
563
557
556
558
557
586
570
566
562
566
559
569
562
565
560
557
557
568
576
558
568
560
564
576
567
556
561
560
572
562
561
563
564
562
566
571
568
563
572
566
577
568
565
563
565
577
567
565
568
567
581
570
569
566
568
569
575
574
571
573
569
567
571
576
570
567
576
570
573
573
576
572
569
570
573
572
582
573
575
585
576
575
582
579
578
578
577
573
611
578
575
582
616
603
580
576
576
577
594
580
580
576
575
581
586
581
579
579
580
584
591
587
581
582
581
585
586
584
583
583
588
579
597
583
581
583
595
584
589
599
588
582
583
582
588
585
600
587
586
589
593
587
597
591
592
588
588
594
589
586
589
590
606
592
586
590
598
597
591
588
596
591
597
602
593
591
593
592
605
596
595
596
590
602
591
592
595
600
599
602
602
595
594
608
599
599
599
598
605
599
612
600
596
599
614
596
604
599
602
598
615
608
601
600
603
600
617
608
598
604
607
601
619
624
607
607
610
613
613
618
606
602
606
608
610
605
609
601
605
612
618
606
602
608
605
620
608
607
609
610
608
619
620
608
609
612
619
613
608
610
609
615
622
612
612
614
612
619
622
616
609
613
617
624
621
618
619
617
616
631
618
615
620
615
629
621
611
616
624
616
633
619
614
623
616
621
629
633
633
620
629
628
626
631
632
619
620
620
639
634
619
622
626
635
628
623
624
627
629
626
630
623
625
626
637
632
634
627
637
628
630
647
646
632
626
631
633
650
629
630
632
634
637
647
628
633
637
634
634
635
627
635
637
632
643
634
634
637
632
643
635
634
632
634
633
652
637
638
637
638
636
648
648
633
641
638
639
636
638
641
641
643
649
644
636
641
640
649
643
647
640
637
651
643
643
644
644
649
643
644
646
644
653
647
643
645
644
660
657
644
654
647
653
647
648
650
647
662
651
650
648
647
654
651
645
650
651
654
654
645
651
648
650
660
653
652
649
650
661
651
652
652
656
661
666
663
653
650
660
667
650
658
666
664
655
660
658
659
656
672
661
658
660
656
662
672
659
663
658
664
669
671
656
660
657
672
672
661
660
663
669
661
660
661
670
672
668
660
664
665
667
673
662
663
665
678
668
668
667
679
683
681
686
668
674
708
683
696
692
680
675
667
667
667
675
688
670
671
665
684
686
682
668
671
672
672
679
682
671
673
677
683
679
675
676
680
679
675
674
678
676
674
685
681
679
681
676
674
705
676
683
686
679
692
678
684
675
681
692
676
682
676
678
692
688
689
679
680
680
691
690
692
688
681
696
706
703
706
686
699
685
684
685
688
698
693
699
730
686
695
691
687
689
690
705
687
721
703
685
702
698
691
690
688
700
694
689
690
708
694
694
692
692
694
701
698
699
695
698
713
698
694
695
707
700
703
697
697
697
711
707
697
698
706
706
700
696
702
696
706
703
697
704
713
717
701
701
700
701
718
707
705
704
702
717
714
705
702
726
713
705
702
705
713
710
709
705
705
711
717
707
704
706
708
716
712
718
709
704
718
714
710
710
717
716
712
712
709
706
720
720
708
709
714
728
713
718
716
726
718
716
711
714
728
727
712
714
719
719
722
721
718
716
729
716
716
719
721
726
723
721
717
721
735
729
721
720
723
733
722
739
724
726
733
722
730
718
721
731
726
721
727
732
732
727
729
723
721
727
728
731
726
729
733
726
727
727
727
740
733
728
727
730
737
734
731
746
731
729
734
731
801
730
734
734
732
731
732
733
747
736
735
738
736
738
737
738
736
732
750
741
739
739
741
742
745
734
738
744
744
735
742
740
750
745
744
743
747
754
741
748
746
747
763
751
742
745
748
752
761
744
743
755
768
745
742
751
747
758
746
746
760
746
756
751
744
749
746
765
759
748
757
755
764
752
749
757
756
757
756
762
750
758
772
749
759
783
758
769
759
749
755
756
770
754
757
759
754
768
757
760
754
758
768
762
759
758
757
761
760
758
759
763
772
767
761
761
767
774
766
760
760
762
766
760
768
768
764
773
772
764
765
784
776
766
762
771
764
781
764
776
767
767
771
780
769
764
770
783
773
766
771
771
780
769
774
770
778
787
778
771
779
770
776
774
768
772
775
787
778
775
778
772
787
782
783
780
775
785
773
773
772
781
790
784
775
775
777
784
777
779
784
775
789
785
784
791
779
785
784
780
782
784
796
783
787
784
785
793
798
783
783
822
798
798
806
816
787
802
788
795
792
783
794
789
794
791
787
801
792
786
791
793
801
800
791
789
798
798
810
793
788
795
809
793
788
789
799
799
795
802
792
803
811
794
805
802
795
806
802
796
795
800
807
797
796
796
861
821
806
808
815
805
809
798
802
800
796
822
793
804
801
804
812
811
803
799
810
819
802
805
807
807
824
806
815
809
814
822
810
805
805
804
819
805
811
815
806
817
814
810
809
810
818
813
807
811
817
826
809
807
816
810
827
812
823
813
822
818
820
808
815
809
825
814
814
816
825
826
824
815
826
820
825
819
821
820
815
825
823
818
820
817
838
828
818
822
818
841
825
823
821
828
833
824
823
826
825
835
823
826
822
825
846
831
821
825
825
850
836
830
833
833
862
837
834
847
856
841
848
841
833
834
868
846
827
836
832
864
849
829
834
834
842
837
837
833
830
844
834
841
839
833
845
845
843
832
843
857
834
838
837
837
853
843
841
850
844
847
847
849
839
843
852
840
843
847
839
872
844
844
845
842
854
848
874
869
851
853
856
856
848
843
857
848
841
853
848
869
853
850
855
856
862
852
859
851
852
866
852
852
854
851
874
858
850
855
861
856
851
855
868
855
854
862
860
866
856
859
857
859
868
857
852
857
865
867
858
857
877
875
858
856
861
854
871
856
859
867
861
871
866
860
863
867
871
864
867
876
866
875
861
864
868
865
886
867
865
872
869
876
881
865
869
879
870
867
872
871
881
872
876
868
883
873
872
870
873
876
870
868
879
883
881
877
875
886
879
880
875
878
885
877
875
881
893
878
876
892
896
898
894
881
877
889
883
879
885
891
883
902
875
881
895
897
881
887
888
896
888
882
894
886
881
884
901
888
882
891
888
898
882
896
884
889
892
890
890
887
891
897
901
890
884
895
913
906
889
887
888
901
894
894
902
907
895
886
895
895
911
890
894
888
907
905
902
900
896
893
907
894
902
896
902
910
900
896
898
898
908
908
926
916
932
901
927
903
901
913
901
908
903
912
897
912
901
920
912
912
907
904
912
907
914
912
910
929
913
913
903
916
905
913
911
923
911
908
909
911
923
912
914
910
922
912
915
917
926
910
921
913
922
919
910
915
952
926
916
923
916
918
927
916
916
919
912
934
925
918
915
929
932
923
923
920
965
935
932
921
927
920
929
937
922
926
926
930
930
922
922
927
925
949
931
939
923
920
942
936
934
924
925
935
923
935
926
934
933
932
931
967
935
943
934
935
934
962
926
932
931
944
937
931
934
935
950
930
936
933
948
943
938
939
934
945
936
938
939
951
941
942
940
950
941
934
941
939
950
948
942
940
943
943
939
940
943
945
952
941
942
944
942
948
949
945
944
943
952
954
949
944
948
952
947
948
947
950
954
956
946
965
966
949
952
959
949
955
950
952
955
948
957
949
954
961
964
971
954
958
958
955
966
952
956
961
973
957
964
958
966
973
971
955
971
959
973
959
967
959
960
977
962
963
961
973
966
963
967
976
961
969
963
980
966
968
966
979
965
966
974
969
974
976
973
1016
973
976
972
967
972
979
987
972
1008
1017
983
977
971
973
970
983
984
975
970
972
987
975
976
972
972
982
977
984
979
981
977
982
981
972
992
974
976
984
984
975
981
983
984
989
980
983
983
1003
990
982
978
984
990
989
982
982
986
994
993
984
992
987
987
979
985
988
985
985
992
992
999
997
983
988
997
989
985
1001
999
994
989
991
990
997
994
995
996
991
1011
994
988
992
1001
1004
1011
1002
996
1000
1012
996
998
997
1022
1026
1015
1034
1013
1007
1016
998
1015
1008
1002
1004
1016
1002
999
1007
1026
1009
1003
1003
1022
1007
1002
1008
1002
1012
1009
1003
1005
1018
1020
1009
1006
1012
1041
1053
1053
1028
1024
1015
1035
1007
1005
1010
1024
1015
1020
1011
1021
1022
1013
1009
1022
1011
1025
1019
1010
1013
1028
1020
1019
1045
1029
1018
1018
1022
1032
1014
1021
1022
1038
1031
1019
1012
1019
1040
1037
1013
1022
1034
1018
1022
1024
1033
1023
1015
1019
1033
1028
1024
1024
1022
1033
1016
1056
1037
1032
1038
1026
1035
1036
1027
1026
1030
1039
1039
1022
1031
1046
1031
1039
1031
1028
1030
1037
1051
1028
1030
1033
1032
1037
1031
1088
1030
1063
1032
1034
1039
1047
1036
1031
1036
1036
1074
1037
1045
1039
1048
1046
1043
1041
1043
1061
1052
1038
1039
1047
1045
1044
1042
1053
1037
1050
1047
1051
1049
1040
1048
1052
1062
1046
1041
1051
1051
1045
1048
1049
1056
1050
1043
1048
1049
1055
1049
1046
1046
1059
1052
1059
1057
1061
1056
1052
1053
1064
1055
1052
1051
1059
1052
1067
1055
1102
1055
1056
1058
1071
1057
1063
1064
1072
1073
1069
1062
1082
1067
1058
1062
1062
1063
1058
1061
1079
1055
1060
1059
1063
1074
1075
1066
1061
1078
1063
1075
1064
1064
1071
1061
1067
1069
1074
1070
1065
1064
1144
1084
1067
1077
1072
1082
1069
1069
1069
1079
1065
1080
1088
1077
1077
1070
1071
1071
1093
1077
1073
1071
1088
1074
1075
1076
1095
1085
1070
1071
1088
1081
1078
1073
1088
1079
1081
1082
1095
1084
1082
1085
1085
1089
1077
1078
1098
1077
1078
1083
1085
1089
1085
1082
1097
1098
1093
1086
1093
1103
1102
1084
1090
1092
1104
1087
1097
1089
1111
1087
1088
1099
1099
1088
1088
1096
1102
1089
1092
1087
1100
1094
1090
1085
1118
1094
1118
1115
1110
1091
1105
1092
1091
1093
1097
1109
1101
1094
1095
1110
1094
1104
1103
1109
1105
1106
1136
1107
1103
1101
1118
1117
1106
1106
1109
1114
1098
1103
1107
1113
1102
1101
1112
1123
1112
1098
1110
1114
1108
1104
1107
1125
1106
1110
1106
1141
1108
1115
1111
1118
1110
1114
1108
1122
1115
1109
1127
1113
1121
1121
1117
1131
1115
1112
1112
1131
1104
1113
1123
1124
1115
1114
1118
1131
1117
1116
1118
1136
1126
1143
1115
1132
1116
1116
1118
1140
1149
1126
1130
1131
1122
1119
1133
1144
1131
1120
1132
1133
1124
1131
1122
1140
1134
1123
1127
1138
1127
1120
1125
1135
1123
1133
1134
1142
1147
1127
1133
1146
1127
1131
1135
1146
1141
1140
1129
1153
1131
1132
1133
1145
1138
1140
1137
1138
1133
1131
1138
1147
1137
1162
1182
1163
1174
1154
1139
1151
1154
1142
1155
1159
1167
1139
1147
1139
1158
1144
1159
1142
1152
1146
1143
1147
1160
1141
1149
1149
1152
1149
1149
1147
1157
1143
1148
1151
1155
1163
1146
1154
1167
1154
1146
1147
1165
1157
1157
1148
1169
1149
1152
1149
1166
1167
1161
1155
1164
1153
1153
1158
1164
1159
1154
1166
1167
1183
1176
1157
1175
1158
1164
1158
1171
1154
1162
1157
1177
1167
1168
1161
1175
1156
1168
1162
1174
1170
1161
1165
1179
1169
1159
1175
1184
1169
1174
1167
1189
1174
1168
1163
1177
1161
1178
1172
1191
1169
1175
1171
1183
1175
1182
1170
1182
1182
1172
1174
1194
1171
1178
1196
1176
1183
1177
1223
1174
1176
1195
1183
1182
1182
1190
1179
1185
1178
1191
1182
1184
1181
1190
1178
1184
1181
1195
1182
1183
1181
1195
1182
1183
1178
1191
1186
1185
1182
1193
1199
1185
1191
1205
1186
1183
1189
1193
1189
1186
1192
1197
1195
1194
1191
1237
1195
1197
1194
1200
1190
1196
1195
1207
1190
1195
1191
1217
1195
1195
1192
1217
1188
1198
1193
1208
1201
1196
1200
1212
1198
1205
1203
1210
1203
1195
1213
1210
1205
1197
1210
1216
1211
1202
1206
1218
1207
1204
1210
1210
1203
1234
1245
1278
1242
1212
1210
1219
1208
1207
1215
1222
1210
1210
1213
1233
1220
1210
1210
1226
1221
1211
1212
1234
1211
1215
1215
1227
1214
1211
1216
1237
1216
1220
1216
1227
1222
1214
1219
1243
1223
1253
1223
1226
1211
1221
1221
1243
1219
1229
1228
1239
1224
1223
1242
1242
1223
1226
1229
1231
1225
1224
1222
1240
1228
1229
1237
1238
1222
1228
1221
1236
1230
1223
1232
1234
1229
1237
1232
1250
1234
1225
1235
1250
1232
1225
1239
1241
1249
1247
1240
1248
1237
1233
1234
1242
1235
1236
1240
1245
1235
1238
1238
1254
1250
1237
1242
1262
1241
1240
1246
1261
1243
1240
1239
1259
1239
1241
1248
1257
1249
1242
1244
1267
1249
1247
1255
1261
1248
1247
1247
1266
1254
1246
1247
1255
1250
1252
1246
1261
1257
1255
1251
1259
1243
1252
1252
1269
1242
1254
1261
1268
1316
1278
1282
1253
1256
1257
1254
1254
1265
1258
1272
1255
1254
1249
1271
1249
1259
1256
1273
1256
1260
1263
1280
1262
1271
1266
1283
1267
1259
1260
1272
1270
1264
1262
1271
1259
1263
1265
1281
1258
1267
1265
1276
1269
1274
1268
1286
1258
1272
1274
1279
1268
1273
1274
1299
1279
1271
1277
1290
1272
1274
1272
1292
1270
1278
1273
1292
1279
1272
1282
1288
1281
1277
1276
1285
1275
1274
1274
1294
1289
1282
1278
1289
1280
1280
1274
1293
1274
1282
1288
1296
1292
1284
1288
1298
1283
1283
1295
1299
1284
1298
1283
1317
1286
1290
1291
1297
1293
1285
1283
1302
1290
1288
1295
1307
1286
1292
1291
1319
1298
1293
1304
1305
1295
1293
1302
1324
1336
1304
1298
1331
1300
1297
1300
1317
1296
1302
1349
1356
1337
1333
1327
1319
1326
1322
1292
1304
1294
1316
1300
1297
1299
1317
1303
1299
1305
1323
1302
1298
1306
1356
1326
1301
1307
1320
1303
1298
1307
1312
1303
1301
1326
1316
1303
1316
1304
1323
1307
1312
1301
1325
1306
1309
1312
1318
1304
1313
1307
1325
1307
1316
1306
1327
1304
1318
1314
1325
1320
1319
1311
1319
1334
1309
1315
1322
1348
1324
1326
1318
1339
1322
1329
1322
1332
1316
1320
1329
1333
1314
1315
1326
1339
1322
1318
1335
1334
1321
1317
1332
1331
1341
1339
1326
1364
1328
1344
1338
1325
1321
1335
1339
1318
1323
1336
1344
1325
1323
1328
1342
1325
1337
1330
1359
1325
1344
1334
1344
1324
1336
1333
1347
1345
1354
1352
1341
1339
1342
1353
1343
1340
1344
1348
1479
1399
1355
1447
1398
1378
1360
1393
1423
1382
1341
1371
1357
1349
1351
1363
1349
1343
1349
1364
1342
1363
1389
1385
1354
1352
1359
1361
1352
1350
1356
1358
1350
1357
1359
1358
1346
1354
1355
1369
1362
1355
1356
1371
1359
1372
1362
1376
1358
1369
1369
1369
1366
1362
1360
1380
1374
1359
1359
1379
1369
1367
1367
1374
1366
1369
1357
1383
1359
1367
1366
1381
1366
1364
1369
1379
1378
1381
1376
1425
1367
1391
1376
1384
1370
1372
1382
1381
1371
1379
1382
1384
1378
1374
1372
1381
1390
1380
1390
1385
1376
1379
1378
1395
1380
1379
1370
1403
1373
1378
1382
1402
1463
1382
1383
1391
1380
1388
1386
1388
1395
1381
1383
1418
1384
1396
1380
1397
1388
1389
1398
1434
1414
1395
1389
1405
1394
1386
1392
1415
1390
1386
1391
1403
1397
1387
1395
1404
1389
1392
1396
1417
1394
1395
1402
1409
1394
1408
1402
1405
1398
1401
1399
1422
1397
1398
1397
1407
1412
1400
1394
1409
1405
1432
1401
1412
1410
1422
1413
1451
1422
1406
1405
1403
1416
1418
1420
1406
1422
1410
1408
1409
1416
1413
1412
1406
1440
1424
1415
1410
1422
1406
1410
1419
1428
1416
1417
1410
1419
1408
1416
1416
1418
1413
1415
1433
1427
1413
1418
1415
1423
1419
1427
1424
1424
1421
1419
1418
1433
1421
1430
1419
1440
1423
1425
1424
1439
1430
1421
1438
1445
1430
1432
1437
1431
1421
1433
1426
1442
1438
1426
1430
1441
1441
1433
1431
1447
1429
1444
1438
1451
1446
1436
1445
1439
1434
1438
1448
1436
1433
1445
1444
1443
1435
1443
1455
1428
1435
1457
1452
1446
1444
1441
1461
1442
1442
1437
1454
1446
1447
1449
1515
1473
1473
1450
1457
1448
1448
1451
1470
1443
1449
1443
1470
1449
1448
1445
1463
1464
1457
1450
1464
1442
1447
1447
1465
1449
1456
1460
1464
1449
1456
1467
1461
1449
1458
1476
1460
1453
1456
1454
1478
1460
1464
1459
1465
1461
1460
1461
1489
1463
1462
1462
1482
1467
1469
1461
1473
1460
1463
1462
1467
1460
1463
1461
1477
1475
1457
1465
1478
1465
1478
1501
1481
1470
1485
1483
1489
1479
1475
1471
1470
1501
1472
1472
1472
1482
1487
1474
1475
1490
1489
1485
1475
1497
1495
1483
1541
1668
1473
1494
1496
1488
1484
1475
1500
1488
1483
1480
1495
1474
1482
1484
1496
1485
1524
1510
1501
1483
1489
1485
1497
1505
1493
1483
1498
1486
1495
1495
1505
1482
1491
1501
1490
1496
1488
1518
1489
1495
1491
1496
1494
1492
1514
1491
1497
1492
1536
1492
1500
1498
1512
1496
1503
1496
1501
1505
1502
1498
1505
1504
1511
1544
1516
1502
1499
1502
1514
1500
1527
1514
1554
1496
1505
1526
1512
1508
1511
1504
1510
1511
1521
1501
1507
1511
1503
1513
1511
1515
1505
1510
1507
1519
1502
1514
1520
1515
1515
1515
1520
1507
1533
1515
1559
1506
1510
1531
1517
1509
1522
1527
1539
1525
1519
1543
1516
1521
1542
1516
1524
1541
1530
1525
1520
1533
1517
1524
1537
1521
1524
1522
1541
1602
1541
1528
1538
1525
1519
1528
1547
1532
1539
1549
1528
1532
1534
1542
1522
1529
1530
1566
1524
1542
1572
1534
1530
1547
1526
1538
1531
1549
1544
1538
1535
1540
1539
1542
1550
1540
1538
1556
1554
1537
1543
1566
1534
1541
1537
1547
1550
1546
1542
1557
1544
1545
1542
1549
1545
1549
1542
1552
1543
1564
1545
1581
1570
1547
1546
1544
1571
1565
1546
1548
1567
1576
1550
1552
1568
1548
1544
1573
1561
1555
1581
1568
1556
1555
1550
1576
1554
1562
1555
1571
1554
1559
1551
1562
1571
1563
1564
1567
1576
1572
1575
1569
1565
1566
1571
1565
1569
1562
1569
1567
1566
1567
1590
1558
1562
1576
1564
1572
1590
1564
1572
1566
1578
1578
1576
1604
1567
1571
1588
1577
1575
1587
1578
1572
1578
1576
1581
1575
1585
1577
1584
1577
1595
1575
1586
1591
1594
1581
1579
1588
1588
1578
1577
1593
1574
1587
1593
1588
1582
1583
1597
1603
1605
1627
1602
1587
1594
1586
1601
1594
1592
1610
1610
1587
1604
1604
1585
1586
1592
1614
1611
1591
1602
1591
1589
1603
1589
1590
1613
1593
1595
1613
1594
1613
1614
1592
1595
1604
1605
1619
1608
1614
1597
1602
1600
1613
1602
1611
1642
1619
1599
1615
1609
1616
1618
1599
1606
1614
1603
1605
1593
1604
1614
1601
1614
1616
1604
1613
1617
1621
1616
1611
1619
1606
1614
1614
1632
1609
1608
1624
1620
1615
1611
1615
1645
1612
1623
1615
1639
1636
1655
1644
1633
1620
1616
1625
1625
1609
1614
1632
1620
1628
1627
1621
1621
1640
1632
1628
1624
1626
1633
1627
1623
1652
1627
1622
1654
1636
1631
1626
1643
1625
1626
1624
1645
1635
1629
1635
1640
1635
1631
1645
1634
1637
1651
1630
1629
1652
1639
1641
1652
1633
1644
1632
1649
1638
1634
1632
1649
1638
1643
1638
1648
1641
1644
1639
1659
1630
1672
1653
1662
1643
1641
1650
1640
1642
1642
1652
1645
1641
1648
1646
1652
1645
1660
1655
1647
1646
1650
1648
1646
1670
1653
1652
1643
1667
1664
1695
1659
1667
1645
1652
1663
1660
1660
1652
1670
1656
1654
1675
1655
1654
1662
1670
1661
1664
1653
1668
1652
1659
1665
1666
1661
1664
1682
1682
1669
1709
1665
1672
1663
1673
1679
1665
1659
1682
1663
1667
1670
1673
1670
1668
1679
1704
1673
1684
1685
1673
1670
1673
1683
1671
1670
1675
1677
1681
1667
1697
1674
1684
1689
1686
1679
1689
1687
1686
1680
1677
1718
1683
1678
1683
1681
1684
1678
1704
1683
1680
1683
1704
1685
1722
1696
1685
1698
1687
1682
1710
1679
1691
1706
1690
1692
1683
1712
1687
1703
1706
1697
1701
1688
1700
1692
1711
1728
1713
1691
1710
1697
1708
1694
1693
1695
1703
1712
1696
1712
1717
1692
1711
1707
1702
1699
1710
1703
1699
1703
1716
1704
1706
1710
1702
1710
1714
1717
1703
1711
1696
1718
1702
1719
1699
1707
1704
1715
1707
1715
1715
1703
1710
1725
1711
1714
1720
1716
1715
1723
1719
1713
1712
1734
1711
1712
1714
1733
1717
1712
1735
1716
1719
1731
1718
1714
1725
1755
1755
1740
1722
1730
1719
1725
1738
1715
1724
1729
1737
1727
1737
1717
1728
1732
1728
1715
1746
1726
1725
1733
1728
1747
1738
1817
1744
1729
1754
1738
1728
1740
1741
1744
1729
1746
1727
1737
1731
1756
1734
1733
1736
1752
1736
1736
1750
1741
1729
1737
1757
1738
1735
1736
1752
1747
1738
1741
1750
1759
1748
1747
1763
1747
1741
1754
1741
1760
1737
1754
1740
1752
1744
1753
1755
1748
1750
1761
1830
1768
1777
1768
