10
2656
2765
2629
2757
15
16
2372
2627
2630
2387
2629
2751
17
2381
2626
2646
2752
2369
2643
2756
2380
2773
2648
2627
2750
2636
2756
2380
2842
3285
2377
2752
2631
2760
2376
2637
2770
2395
2749
2631
2757
2668
2382
2631
2752
19
2391
2631
2660
2760
20
2399
2654
2773
2648
2377
2752
2633
2765
2378
2639
2756
2630
2799
2400
2634
2761
2640
2376
2760
2629
2752
2404
2645
2645
2758
24
2375
2640
2760
2641
2383
2797
2633
2769
2381
2676
2760
2648
2387
2766
2656
2759
2663
2388
2760
2664
2884
2774
2512
3085
3016
2936
2430
2746
2811
2696
2427
2808
27
2692
2445
2723
2805
2710
2461
2809
2689
2846
2449
2729
2809
30
2708
2426
2787
2810
2439
2853
2677
2679
2814
2433
2790
2675
2867
2690
2445
2835
2713
2453
2820
2703
2830
2693
2438
2840
2674
2861
2444
2686
2807
2708
2435
2827
35
2699
2680
2467
2815
2706
2830
2430
2678
2808
2706
2431
2809
38
2680
2707
2427
2811
42
2691
2734
2432
2840
2674
2828
2474
2833
2688
2682
2436
2828
2716
2842
2438
2689
2826
2685
2810
2460
2831
2698
2719
2445
2814
40
2697
2469
2697
2807
2682
2816
2460
2812
2699
2707
2434
2824
41
2465
2747
2718
2832
42
2440
2739
2838
2732
2426
2699
2829
45
2437
2691
2757
2861
2450
2742
2821
2443
2834
2755
2706
2862
2452
2857
2709
2764
2831
2441
2865
2733
2810
2420
2703
2657
2801
2421
2778
2654
2663
2790
2408
2778
2675
2792
2398
2658
2785
2660
2407
2776
2661
2661
2781
2404
2785
2658
2779
2401
2666
2779
2664
2405
2793
2669
2776
2658
2407
2810
2655
2792
2405
2668
2785
2413
2671
2779
54
2670
2417
2672
2796
2407
2813
2664
2685
2786
2410
2683
2778
55
2672
2417
2662
2838
2449
2853
2723
2719
2851
2456
2798
2713
2709
2799
2408
2719
2879
2469
2848
2740
2731
2855
2472
2854
2744
2483
2868
2751
3157
2766
2515
2864
2755
2877
2721
2472
2858
2730
2875
2737
2476
2860
2667
2885
2545
2791
2747
2847
2477
2922
2730
2766
2879
2596
2934
2782
2927
2467
2792
2723
2853
2452
2838
2736
2723
2849
2479
2864
2709
2859
2504
2782
3398
2731
2508
2839
2725
2882
2754
2481
2845
2752
2875
2522
2772
2848
2721
2597
2853
74
2790
2727
2591
2877
2785
2467
2852
2734
2915
2460
2724
2954
73
2773
2480
2778
2931
2590
3020
2762
2739
2958
2512
2733
2990
78
2801
2531
2731
2890
2508
2844
2727
2805
2945
2490
2850
2816
2889
2792
2534
2835
2977
2560
2945
2775
2754
2871
2496
2894
2733
2865
2473
2856
2869
2797
7798
2916
2825
2788
2945
2528
2881
2742
2857
2704
2807
2884
2773
2480
2895
2795
2879
2763
2494
2851
2753
2859
2480
2759
2851
2736
2466
2883
2751
2866
2733
2472
2854
77
2470
2738
2739
2863
2473
2735
2871
2744
2877
2480
2786
2866
80
2472
2882
3074
2880
2486
2885
2736
2782
2877
2491
2815
2952
85
2497
2874
2749
2877
2528
3015
2802
2940
2874
2602
3432
2807
2923
2536
2754
2769
2887
2526
2925
2808
2920
2807
2512
2898
2770
2930
2598
2805
2910
2749
2489
2884
2773
2880
2794
2539
2871
2741
2915
2480
2759
2915
2768
2513
2875
92
2754
2761
2497
2943
2819
2870
2523
2768
2915
2502
2807
2882
93
2780
2511
2749
2928
93
2517
2842
2830
2913
2555
2760
2890
95
2781
2526
2833
2899
93
2485
2800
2773
2910
2515
2895
2832
2924
2514
2834
2930
2826
2543
2942
2818
2809
2938
2501
2878
2786
2901
2527
2784
2891
2791
2512
2893
2808
2967
2787
2514
2895
2773
2924
2539
2796
2926
2787
2531
2992
2788
2910
2796
2531
2906
104
2798
2584
2819
2903
2806
2529
2929
2802
2947
2778
2525
2938
2570
2831
2951
2815
2926
2504
2827
2963
2509
2917
2771
2761
2922
2532
2935
2786
2793
2514
2920
2773
2901
2799
2518
2927
2805
2887
2529
2915
2835
2801
2514
2922
109
2781
2515
2770
2935
2774
2517
2903
114
2540
2787
2805
2902
111
2523
2781
2926
2805
2900
2520
2770
2924
2784
2545
2907
2788
2906
2518
2778
2895
2771
2931
2558
2940
2770
2804
2887
2972
2791
2942
2520
2792
2912
2822
2914
2515
2925
2783
2809
2522
2915
118
2784
2525
2931
2795
2808
2911
2566
2913
2800
2792
2517
2917
120
2783
2529
2932
2813
2943
2537
2796
2931
2794
2524
2807
2907
121
2527
2784
2939
2816
2921
2547
2813
2930
2817
2592
2925
2800
2917
2539
2784
2920
2809
2932
2548
2833
2920
2523
2837
2920
2837
2927
2539
2948
2792
2796
2523
2912
2792
2925
2550
2792
2925
2803
2905
2533
2923
2797
2810
2534
2915
129
2807
2549
2798
2930
2783
2910
2541
2914
2808
2784
2536
2952
131
2808
2529
2796
2917
131
2527
2819
2933
2790
2553
2925
2796
2934
2544
2838
2814
2932
132
2545
2814
2928
2844
2538
2955
2844
2948
2559
2799
2925
2791
2917
2534
2787
2933
2818
2562
2915
2803
2943
2554
2806
2945
2830
2921
2540
2937
2812
2822
2564
2919
2793
2919
2564
2923
2812
2796
2938
2542
2947
2803
2806
2554
2953
139
2852
2545
2932
2808
2802
2942
2537
2953
2831
2810
2539
2971
140
2822
2564
2984
2844
2540
2930
2804
2953
2823
2545
2826
2945
146
2553
2807
2936
2825
2546
2945
2852
2948
2550
2812
2944
2822
2941
2584
2812
2945
2828
2549
2964
2823
2943
2567
2827
2932
2820
2958
2552
2937
2806
7622199
8444
4029
3267
3145
2644
2973
3192
2958
2974
2596
3026
2893
2917
2603
3184
149
2827
2591
2899
3022
2855
3038
2609
229
230
228
254
235
265
228
229
243
245
260
250
237
231
243
247
255
239
234
243
261
289
230
270
279
237
235
241
237
232
241
236
243
260
244
230
245
237
265
262
235
239
238
242
247
247
265
263
231
263
243
243
267
241
279
255
245
249
266
251
245
252
248
273
293
248
252
250
252
250
254
260
238
253
254
255
253
257
240
285
249
249
252
274
253
245
307
255
251
247
253
247
264
254
273
254
273
265
262
279
259
255
321
251
260
285
279
266
308
298
255
261
285
295
251
256
265
269
261
271
264
283
258
266
291
264
261
281
262
262
288
260
267
267
263
271
267
270
289
296
273
265
276
271
275
280
276
279
286
274
290
296
279
263
272
283
287
299
274
281
278
278
273
286
280
286
278
285
275
286
288
277
298
301
344
299
277
298
288
290
295
267
344
280
277
280
275
303
278
298
273
288
303
285
289
283
281
301
281
276
280
335
330
337
317
303
331
330
357
319
324
299
293
333
412
355
366
452
357
275
309
332
309
292
330
305
296
300
278
312
294
301
293
300
319
293
289
287
331
309
287
302
327
302
328
288
287
329
308
305
310
309
313
300
319
286
305
329
294
295
297
315
312
297
315
305
340
308
330
303
328
341
302
325
312
314
311
294
320
311
313
312
335
312
300
322
305
346
294
319
334
326
320
339
293
300
316
321
349
318
321
342
350
324
307
367
299
328
316
320
331
315
321
325
331
306
312
323
306
353
312
323
311
343
331
323
316
328
325
341
308
337
335
347
362
320
323
314
323
319
316
335
316
321
343
314
326
329
316
351
354
331
332
343
342
327
347
319
320
353
327
311
352
363
343
338
319
332
337
315
376
359
333
379
331
331
342
366
330
333
321
337
320
348
339
332
337
351
348
346
327
350
390
334
382
348
343
329
336
334
352
358
342
354
333
350
342
385
354
340
338
381
355
335
335
349
345
346
330
362
376
354
370
348
344
406
341
369
369
363
339
438
361
370
339
375
379
360
388
345
342
360
362
349
360
361
344
350
394
350
357
351
363
345
344
390
366
366
355
380
345
340
347
343
371
357
362
346
376
361
400
383
359
376
382
417
355
388
386
402
415
370
415
384
364
369
372
406
370
359
363
373
369
367
370
368
364
399
415
376
408
393
396
370
378
379
369
375
395
375
397
386
370
384
371
385
376
389
399
380
373
409
415
380
390
378
412
430
411
385
372
399
375
372
377
378
388
391
403
377
386
385
393
382
403
392
386
385
378
404
388
398
390
458
387
413
418
401
401
380
399
409
411
439
384
432
412
406
422
388
381
396
396
395
388
415
406
454
398
391
395
384
384
411
415
392
398
399
404
394
431
406
423
421
427
404
415
392
406
411
413
407
457
412
400
401
413
551
516
355
606
522
559
480
462
525
459
418
450
405
509
496
517
602
519
552
531
606
562
442
415
484
422
442
434
421
419
426
419
418
470
419
428
419
454
451
420
416
415
419
450
426
430
417
458
410
427
411
415
432
409
446
426
447
438
419
430
415
466
422
444
410
413
436
423
420
420
476
423
447
422
446
438
423
458
446
450
423
424
431
430
496
503
603
422
459
422
439
426
444
431
438
455
445
439
426
446
428
447
432
427
435
429
517
438
433
446
487
446
434
454
477
436
452
435
431
441
454
438
446
444
433
479
445
445
490
448
452
435
440
462
446
458
440
458
446
478
459
457
459
450
483
464
438
473
442
489
479
466
461
498
521
452
453
446
448
469
461
445
473
482
449
473
444
469
463
444
447
483
486
432
465
455
466
465
460
451
484
460
483
483
459
507
460
472
487
452
449
480
474
494
468
480
491
482
444
494
477
484
498
467
501
450
485
499
531
475
465
477
476
456
518
470
474
484
474
491
484
484
536
449
490
476
485
477
476
479
505
479
484
470
489
501
516
483
488
475
488
465
496
473
484
509
509
497
502
487
485
471
492
539
496
528
491
520
479
480
522
542
477
471
493
490
537
505
525
502
510
499
526
537
510
529
486
494
520
500
508
514
525
498
510
496
497
496
486
513
508
489
482
495
500
508
488
509
495
508
505
501
498
497
508
503
511
500
571
488
540
529
510
521
510
518
507
499
505
527
540
506
496
528
507
510
521
513
526
496
508
552
538
535
615
588
581
635
535
512
498
519
546
519
522
512
509
517
506
530
509
506
538
525
545
515
519
537
516
581
536
511
535
525
509
529
512
519
527
510
546
605
525
521
504
515
534
524
511
503
529
511
549
553
558
565
537
601
530
524
596
553
551
517
527
533
525
535
523
552
526
534
524
556
521
535
516
528
601
531
530
563
541
551
539
534
562
541
573
550
525
567
541
637
895
592
590
580
559
553
529
576
554
551
522
541
576
540
540
528
550
546
557
555
597
574
560
552
545
579
529
545
600
564
566
558
581
534
587
563
555
549
566
564
551
575
562
603
589
548
540
564
604
564
606
551
558
600
549
607
546
547
594
546
576
593
606
588
552
578
568
601
570
624
575
561
582
591
591
556
559
585
570
594
558
632
711
652
607
557
557
572
574
642
594
573
560
635
592
555
575
607
577
569
575
578
574
596
601
582
620
581
584
618
563
605
578
576
578
587
603
591
581
590
572
586
585
609
596
598
614
592
586
597
599
569
585
586
595
610
622
615
613
580
634
598
652
581
616
587
606
579
616
631
590
590
581
580
594
598
614
662
586
602
609
615
578
615
596
617
585
640
591
667
610
615
585
656
603
625
621
623
601
624
616
608
632
642
623
596
611
648
633
682
621
624
638
661
618
640
617
616
619
619
605
650
602
628
595
653
608
622
607
619
619
653
644
633
620
627
623
632
640
644
633
693
634
642
614
646
649
634
629
656
659
649
649
667
626
623
631
653
651
649
640
635
663
648
644
643
668
642
641
626
639
622
713
645
625
672
625
640
638
648
652
674
648
683
638
651
640
660
679
616
643
630
644
624
622
635
666
629
650
639
666
680
631
701
675
649
641
681
638
715
665
652
638
669
648
658
696
667
715
685
643
649
677
668
658
681
648
632
676
660
664
639
642
732
663
653
677
680
634
668
707
655
681
647
648
651
675
662
718
688
670
663
680
682
660
694
652
676
664
678
659
710
676
726
668
653
662
700
676
733
705
656
706
697
666
668
708
683
715
663
671
683
678
679
673
715
672
651
684
661
670
699
726
658
689
683
674
709
713
690
692
692
734
671
663
681
675
744
674
734
745
766
741
667
760
790
717
773
704
756
701
706
713
717
700
675
679
668
710
676
665
694
691
680
670
744
697
687
700
691
702
678
737
661
654
716
694
680
669
768
675
715
701
691
697
730
699
676
748
669
679
698
733
674
690
715
724
674
694
655
681
692
710
689
692
719
687
684
744
753
703
663
708
688
669
697
700
684
709
670
703
699
768
709
717
717
703
691
728
750
713
683
719
694
691
701
745
730
687
697
709
692
782
710
692
716
748
725
705
723
712
722
700
732
693
705
690
704
732
702
705
762
706
737
748
753
752
730
745
723
718
732
763
706
717
717
723
731
754
723
725
713
719
712
749
743
741
715
733
705
713
715
766
692
720
705
732
720
726
704
708
738
732
726
716
741
762
732
735
742
745
729
768
734
777
763
755
728
734
811
708
747
714
734
713
771
742
735
720
742
724
721
752
813
783
859
832
758
761
763
751
758
746
737
730
753
801
746
743
780
759
744
781
712
753
750
745
753
766
849
728
733
771
750
768
750
767
763
747
742
763
787
812
744
740
799
789
756
751
773
763
767
768
733
734
792
760
729
820
773
776
793
760
796
763
780
766
776
810
795
758
764
782
821
774
789
761
771
765
782
779
833
777
780
761
753
813
791
783
780
782
811
783
763
807
778
782
783
776
769
801
774
767
789
756
767
761
936
927
646
1268097
681
493
531
2030
906
825
703
518
522
515
527
498
529
539
499
531
497
545
513
621
518
861
860
695
603
738
569
536
546
503
549
536
786
677
529
563
656
770
508
531
583
576
516
527
623
515
581
516
604
590
551
595
673
497
572
552
496
501
530
522
507
581
521
616
555
502
540
497
501
520
498
511
504
585
608
505
510
555
502
498
803
604
518
554
523
569
510
502
619
498
506
506
559
648
524
563
522
516
521
530
558
582
544
873
740
519
522
510
522
547
652
648
639
621
707
604
658
652
575
523
521
516
527
506
553
533
584
588
520
549
521
523
533
553
517
525
527
544
512
526
509
522
588
629
908
824
552
549
525
592
515
512
530
528
598
516
540
525
531
827
857
932
862
821
849
855
850
832
822
841
905
918
908
857
848
824
834
844
848
870
868
848
884
845
870
875
856
843
889
842
880
861
856
838
868
881
906
846
847
877
846
961
845
858
866
840
854
863
872
880
847
900
849
867
837
882
855
854
882
916
858
861
886
1015
912
912
880
879
872
905
869
893
861
871
901
895
861
855
866
846
896
904
933
872
878
900
839
858
848
858
865
604
629
608
645
593
617
614
611
624
638
605
615
631
618
609
617
622
614
620
635
638
614
629
613
618
605
625
619
638
638
620
616
614
621
633
625
652
624
633
644
626
636
618
626
664
639
618
620
660
620
619
643
646
625
634
651
621
624
631
665
621
645
621
639
695
648
633
675
630
647
631
642
639
651
652
641
672
645
628
656
629
630
703
649
628
662
626
652
645
647
655
640
646
638
639
625
648
647
652
640
679
658
639
677
632
646
649
649
636
666
644
642
678
669
646
645
676
643
655
660
635
671
681
648
653
663
641
635
678
671
655
660
657
651
667
665
652
651
656
670
649
673
654
686
650
684
663
646
672
648
671
678
658
663
677
659
681
668
672
669
688
646
669
698
657
664
718
658
652
684
687
666
727
686
676
712
661
658
687
658
659
713
666
656
693
669
649
704
695
664
705
691
666
705
664
675
722
667
674
717
657
684
713
674
681
701
663
681
714
669
703
708
674
674
692
672
678
741
688
689
694
672
700
696
685
684
696
689
681
684
671
708
723
667
724
686
679
700
695
693
690
691
682
701
685
683
721
686
731
