70
58
73
89
78
78
76
62
70
74
100
102
74
66
70
149
72
99
63
85
85
84
60
77
83
81
75
93
72
81
110
71
90
94
87
81
90
109
89
83
91
91
97
91
67
95
93
81
88
1169
95
73
78
100
104
123
95
118
125
107
124
90
98
191
95
110
116
108
107
101
136
99
87
109
116
108
88
93
82
90
95
91
92
79
93
106
102
91
97
116
106
94
103
102
100
114
106
147
103
1169
86
104
82
114
112
97
109
96
102
84
133
102
102
106
102
107
131
128
106
113
126
94
140
222
147
204
154
129
139
104
129
130
118
128
115
108
132
118
135
116
120
116
136
137
116
147
113
112
149
1162
125
175
107
100
116
127
137
241
257
171
153
118
117
169
141
127
111
119
169
122
149
131
115
121
140
117
126
184
126
154
118
118
191
125
147
124
134
153
141
147
115
118
105
132
108
113
140
219
280
1155
124
220
141
131
163
133
131
124
139
139
124
164
142
159
146
193
149
140
132
136
140
158
151
136
149
203
250
200
136
160
129
153
145
125
134
170
179
126
140
158
148
165
159
160
170
131
131
128
125
1183
147
167
147
160
162
158
153
165
177
153
146
174
181
158
162
155
148
138
144
159
160
158
142
169
168
194
161
154
151
160
170
157
176
167
159
168
173
198
224
180
193
152
170
159
166
144
163
146
167
1225
165
169
245
178
185
206
184
167
169
151
162
203
179
222
155
160
165
156
186
163
154
169
155
172
171
181
188
177
179
184
191
160
181
207
195
166
149
190
167
247
168
202
194
205
229
175
202
172
205
1241
180
176
203
175
242
188
179
202
176
190
190
185
196
186
236
182
202
173
164
195
184
189
244
188
185
192
189
186
165
183
215
192
197
180
229
174
171
194
225
307
269
219
199
192
237
228
232
188
173
1261
182
185
202
209
204
217
210
207
211
186
199
201
225
215
210
204
216
223
208
218
217
247
206
201
202
201
215
214
213
233
214
233
185
221
200
214
198
198
217
193
206
205
205
208
203
205
213
201
323
1311
207
213
198
218
278
206
210
208
212
218
198
189
231
278
213
209
208
227
244
234
227
226
218
224
233
209
246
231
242
216
211
218
220
233
234
219
237
207
221
232
244
236
211
249
202
213
223
252
251
1212
211
236
217
253
231
223
233
220
253
227
229
211
229
227
237
265
224
254
226
230
258
213
289
222
240
266
226
223
225
243
301
241
271
228
228
257
238
279
243
297
230
228
225
233
234
252
228
225
226
1288
289
234
236
241
226
224
244
246
220
296
219
277
235
297
234
275
284
249
263
234
243
262
313
251
246
227
255
235
229
245
228
234
242
250
260
313
287
244
241
235
250
244
309
256
255
244
232
263
250
261
1269
244
263
243
267
352
288
273
239
249
246
290
244
244
241
247
281
312
257
264
265
261
262
307
269
264
265
245
271
336
290
255
267
261
253
289
253
270
262
278
246
303
279
289
252
300
280
264
276
251
271
253
308
271
263
269
309
269
254
290
289
293
368
260
282
274
327
288
283
260
292
308
266
280
264
291
288
291
275
296
305
345
289
288
271
268
297
342
287
281
299
347
317
329
283
298
313
343
300
306
304
300
301
337
288
304
298
320
348
299
280
299
307
302
337
312
414
351
300
345
302
322
291
310
346
347
296
290
295
414
296
318
343
295
290
366
305
344
330
298
347
311
309
294
319
357
314
382
284
306
309
336
312
309
319
354
325
333
298
318
298
392
359
320
308
293
379
338
316
318
319
375
341
337
321
328
360
359
321
326
330
318
370
333
318
323
352
322
323
333
331
340
408
321
327
345
339
354
367
343
313
354
348
338
310
346
428
320
327
1528
363
302
353
371
337
359
341
308
358
342
346
312
316
317
342
426
329
378
340
1475
362
333
325
337
328
380
333
353
336
329
373
342
334
359
354
375
357
357
398
351
387
347
322
348
363
335
375
347
351
407
371
374
366
404
349
346
369
348
369
395
353
347
409
374
344
350
409
364
359
357
396
404
383
365
367
419
354
394
385
379
386
361
377
360
414
390
379
380
425
355
373
382
344
396
382
368
376
386
381
385
387
375
419
368
373
356
432
386
381
402
368
617
539
495
457
463
384
365
382
429
372
388
402
424
378
398
376
419
389
384
391
430
406
391
401
445
395
379
378
448
486
420
397
430
399
400
393
400
476
415
386
379
448
396
405
405
421
384
393
408
429
400
380
398
439
401
409
391
468
391
401
402
404
401
393
409
457
401
382
401
462
398
376
414
410
450
403
491
374
439
422
407
381
464
413
398
487
410
423
426
403
459
425
433
436
417
413
403
443
439
406
724
419
373
375
388
445
431
417
418
494
429
438
457
448
419
424
492
405
411
409
460
430
431
396
464
435
451
407
479
414
412
459
447
435
419
490
438
414
403
490
432
481
430
487
447
421
467
439
428
423
487
441
439
485
470
418
455
484
442
467
432
484
442
428
499
474
417
448
489
469
425
421
500
447
452
449
494
423
440
527
454
435
438
474
490
467
443
521
448
452
516
473
479
476
485
499
429
495
487
468
462
495
445
466
501
458
451
452
520
533
459
493
481
450
443
510
487
446
525
464
474
475
522
452
487
483
465
491
461
561
475
504
540
488
460
549
496
503
524
547
457
470
526
475
538
573
488
472
480
510
472
478
534
528
616
556
522
463
484
506
532
565
483
554
537
499
520
550
524
517
471
484
509
556
516
485
569
462
490
481
536
491
484
582
477
491
514
496
477
554
492
494
543
535
502
485
542
516
499
553
502
496
543
488
497
549
485
505
560
506
492
603
690
633
611
735
672
665
684
564
517
497
555
508
497
550
507
523
544
510
511
501
519
505
504
565
528
530
561
518
529
565
492
538
545
532
511
562
530
546
590
515
510
555
547
509
578
512
516
526
577
539
498
560
522
523
573
517
519
610
507
522
578
550
518
598
509
527
580
531
625
596
532
535
557
537
521
565
556
559
582
537
526
625
524
547
563
536
530
603
540
688
546
557
519
592
565
527
586
559
545
559
554
543
586
540
591
544
558
598
606
567
527
598
561
554
598
577
677
543
531
552
581
546
553
596
529
538
599
558
555
606
618
522
625
578
592
576
557
529
594
563
637
544
534
592
581
567
606
574
572
1067
561
554
675
570
541
617
555
593
590
562
588
594
594
547
581
586
555
645
654
537
593
576
613
614
599
568
607
561
569
670
848
754
758
530
653
669
612
571
611
522
589
582
573
555
620
559
576
622
589
603
642
582
618
585
571
618
581
604
658
565
592
639
615
609
631
604
679
675
634
635
565
639
601
611
655
580
579
633
587
592
632
613
654
614
609
607
626
611
581
674
620
613
605
599
630
603
600
667
615
654
620
621
648
603
590
650
600
584
663
681
576
621
610
655
617
627
642
622
620
725
620
658
606
597
657
619
647
691
601
675
648
667
649
615
590
671
660
717
770
656
673
612
643
627
631
687
643
652
686
614
610
652
607
649
625
627
667
602
676
642
616
685
633
626
689
643
621
698
638
679
626
632
677
636
688
627
661
648
647
684
637
702
663
634
705
690
672
671
720
716
681
718
751
626
675
647
685
664
640
675
641
621
685
629
672
670
648
716
607
626
687
665
699
652
636
7043
634
606
565
609
636
612
635
609
634
596
593
705
678
655
632
590
657
591
635
646
591
636
588
637
606
616
687
641
663
624
705
655
628
704
683
679
726
698
724
688
642
728
679
730
718
734
685
679
759
676
761
697
727
659
676
736
662
764
729
719
708
692
708
674
711
662
660
718
688
751
707
679
751
691
771
748
759
710
684
740
696
712
677
727
735
739
744
698
754
697
682
737
688
737
735
700
760
713
741
709
700
771
700
739
735
732
719
703
758
706
758
746
687
754
683
737
699
704
717
678
772
714
743
707
771
715
770
714
701
755
720
766
713
754
735
710
752
723
780
709
754
729
714
770
724
797
704
780
774
739
757
738
784
761
716
751
733
798
738
751
729
730
780
746
783
728
725
777
757
799
697
751
723
797
765
749
758
727
765
737
736
790
749
784
725
776
751
733
845
719
766
744
806
787
714
797
731
776
726
791
734
791
776
785
748
773
804
743
800
735
841
761
829
764
787
745
782
773
735
813
772
812
754
810
750
840
769
802
785
738
832
735
831
755
832
1815
737
696
711
743
732
761
737
802
822
835
765
822
794
843
786
761
841
765
845
791
799
814
822
772
820
812
810
780
845
890
766
822
788
815
787
760
805
821
839
768
810
763
821
770
847
782
868
778
818
792
827
789
814
819
830
834
779
862
791
850
764
904
814
803
775
838
804
890
787
759
854
784
878
796
852
769
846
807
847
800
843
772
857
785
862
789
877
797
827
800
821
826
815
847
776
848
773
854
815
831
829
847
842
920
834
869
799
855
815
829
821
876
819
863
795
879
829
865
822
846
819
792
855
804
853
791
872
799
868
809
909
881
867
811
892
819
888
817
856
806
883
866
837
889
824
863
837
874
828
904
826
905
804
2297
762
816
792
1014
933
887
764
766
795
769
870
847
881
896
901
875
900
835
895
920
944
876
915
834
866
865
898
835
901
867
934
842
910
910
1078
954
1019
847
990
861
910
930
849
923
868
894
867
885
868
851
932
862
902
915
901
944
883
925
898
882
878
930
852
925
854
928
866
921
845
905
887
939
941
1039
899
1065
990
1129
942
1035
902
903
895
878
956
990
1022
901
903
865
943
945
1002
873
925
888
953
868
926
919
912
887
923
954
926
904
889
925
871
931
934
953
967
970
987
993
1225
1054
1168
1001
853
939
957
955
887
864
942
874
948
922
954
907
974
893
1004
888
956
893
949
902
961
885
971
917
928
944
894
893
932
993
883
948
966
946
913
975
921
937
1075
1138
985
991
883
992
971
1122
1159
988
927
902
935
937
960
991
994
971
938
995
933
947
933
950
922
1018
927
1005
997
953
928
949
979
972
984
928
973
910
1005
926
964
947
1001
986
976
967
998
956
942
982
934
1001
959
976
931
1031
941
1015
1002
919
989
953
1975
932
1023
904
964
948
918
860
989
940
1018
1035
964
990
1044
982
947
981
970
1015
971
996
917
993
1020
1005
978
950
989
1000
1003
962
1023
967
993
982
1001
954
1000
1006
945
994
985
997
938
1043
918
996
923
1038
1027
951
1002
956
1015
1005
1086
1114
1028
1034
970
1032
1013
1117
1042
1072
936
1046
992
1048
1013
988
1013
971
991
965
1014
1070
967
996
974
987
986
1137
1025
1044
2046
915
963
901
1102
1153
1063
947
1036
1051
973
1016
984
1049
1015
8375
943
907
917
931
946
950
943
971
964
909
922
924
969
908
964
960
916
995
971
927
988
985
951
1014
983
1039
981
1057
1057
997
1063
989
1072
1047
1073
1070
1037
1107
1047
1047
999
1140
956
1021
1287
1308
1355
1206
1025
1098
1097
1187
1076
1005
1066
1118
1138
985
1042
1034
1017
1085
1046
1095
1052
1152
1097
1164
1014
988
1057
981
1062
1082
1034
1057
1010
1153
1151
1010
1073
1018
1065
1060
1049
1079
1003
1100
1107
1051
1112
1045
1118
1104
1031
1093
1043
1121
1081
1056
1057
1027
1076
1009
1084
1082
1067
1074
1014
1068
1110
1103
1142
1013
1135
1097
1076
1094
1067
1074
1067
1065
1063
1069
1057
1095
1032
1113
1039
1126
1113
1065
1082
1098
1123
1127
1027
1123
1111
1054
1094
1026
1113
1060
1054
1108
1070
1101
1120
1091
1124
1039
1121
1148
1085
1128
1100
1131
1111
1047
1121
1122
1077
1149
1061
1143
1043
1126
1067
1099
1090
1067
1100
1052
1134
1069
1123
1095
1043
1085
1083
1119
1140
1124
1173
1130
1075
1185
2237
1278
1152
1125
1114
1162
1079
1137
1179
1105
1181
1140
1118
1157
1094
1118
1159
1108
1131
1116
1137
1172
1127
1145
1149
1114
1161
1096
1155
1156
1079
1142
1143
1126
1151
1189
1101
1120
1095
1176
1165
1112
1173
1161
1109
1156
1108
1150
1142
1132
1154
1161
1129
1132
1078
1151
1162
1097
1171
1115
1146
1124
1096
1191
1144
1150
1181
1092
1147
1198
1111
1195
1204
1132
1155
1143
1127
1162
1110
1173
1148
1117
1159
1174
1142
1163
1150
1126
1201
1161
1132
1181
1182
1110
1180
1101
1198
1153
1145
1196
1185
1262
1169
1191
1153
1170
1181
1129
1178
1200
1131
1176
1116
1242
1209
1202
1317
1184
1225
1179
1241
1157
1268
1101
1199
1198
1109
1164
1215
1165
1171
1149
1160
1215
1172
1208
1216
1141
1219
1232
1136
1244
1182
1184
1203
1225
1141
1219
1207
1164
1227
1167
1201
1215
1160
1248
1184
1194
1210
1225
1201
1198
1134
1235
1230
1193
1193
1240
1181
1191
1220
1142
1223
1269
1187
1227
1225
1170
1181
1169
1217
1225
1226
1206
1228
1177
1238
1236
1141
1218
1174
1192
1238
1178
1222
1236
1224
1256
1222
1254
1216
1213
1214
1225
1294
1199
1191
1234
1217
1212
1246
1188
1242
1223
1204
1254
1226
1220
1234
1226
1177
1301
1213
1205
1266
1275
1184
1224
1221
1213
1240
3723
1140
1179
1132
1190
1190
1161
1191
1160
1125
1201
1183
1274
1306
1305
1234
1236
1275
1253
1269
1237
1212
1287
1219
1227
1297
1284
1229
1245
1239
1250
1307
1267
1225
1229
1245
1224
1283
1269
1233
1300
1283
1226
1298
1270
1240
1259
1271
1244
1230
1274
1322
1251
1334
1275
1235
1280
1270
1223
1285
1208
1290
1232
1243
1274
1280
1273
1253
1283
1409
1325
1537
1536
1570
1496
1320
1237
1288
1307
1293
1243
1333
1246
1338
1327
1304
1264
1298
1327
1287
1334
1256
1221
1329
1267
1251
1282
1353
1320
1300
1302
1270
1264
1349
1290
1266
1300
1293
1260
1356
1305
1346
1269
1408
1349
1303
1269
1282
1332
1263
1281
1342
1302
1323
1353
1271
1347
1378
1304
1303
1335
1311
1249
1333
1312
1335
1253
1365
1416
1327
1315
1349
1403
1276
1337
1320
1264
1355
1411
1315
1317
1366
1407
1312
1314
1334
1368
1349
1368
1358
1426
1309
1349
1456
1449
1327
1456
1843
1335
1280
1341
1357
1432
1406
1376
1341
1382
1412
1339
1354
1369
1304
1296
1323
1316
1292
1324
1348
1358
1313
1368
1309
1324
1391
1379
1352
1334
1335
1341
1367
1307
1319
1364
1326
1342
1323
1325
1330
1433
1317
1322
1349
1413
1366
1345
1352
1416
1326
1309
1335
1339
1387
1327
1331
1330
1287
1355
1402
1401
1358
1429
1352
1354
1365
1378
1352
1348
1380
1330
1351
1358
1381
1381
1376
1357
1351
1355
1337
1378
1427
1335
1317
1381
1374
1367
1366
1362
1334
1404
1378
1420
1334
1367
1365
1351
1346
1390
1438
1299
1367
