19:4:33
3
3
4
3
3
3
4
3
3
3
4
4
4
3
3
3
4
4
3
3
3
3
3
4
5
4
4
3
3
4
3
3
3
3
4
3
3
3
3
3
3
3
3
3
3
3
3
3
3
3
3
3
3
3
3
3
3
3
4
3
4
3
3
3
3
3
3
4
3
3
3
3
4
3
3
4
3
3
3
3
4
3
3
4
4
3
3
4
4
3
3
3
4
4
3
3
4
4
3
3
4
4
4
3
3
3
3
4
3
3
4
3
3
3
3
4
4
4
4
4
4
3
3
3
3
3
3
3
3
3
3
3
3
3
3
4
4
4
4
4
4
4
4
4
4
4
4
4
4
4
3
4
4
4
4
4
4
4
4
5
4
4
5
6
5
6
6
5
5
5
5
5
4
4
4
4
4
5
4
4
5
4
5
4
4
5
4
4
4
4
4
5
4
4
5
5
5
5
4
4
4
4
5
5
4
4
5
4
4
4
4
5
5
4
5
5
5
5
5
5
5
5
5
5
5
5
4
4
5
5
5
5
5
4
5
5
4
5
5
5
5
5
5
5
5
5
5
5
5
5
5
6
5
10
10
7
8
9
7
5
7
6
6
6
6
6
6
6
6
6
6
5
5
5
5
5
5
5
5
5
6
6
6
6
5
6
6
6
6
6
6
6
6
6
6
5
6
6
6
6
6
6
6
6
6
6
6
6
7
6
6
6
6
6
6
6
7
7
7
8
9
7
8
7
7
7
7
6
6
7
7
7
8
8
7
8
8
7
7
7
7
7
7
7
7
7
7
6
7
7
7
7
7
7
7
7
7
7
6
7
7
7
7
8
8
7
7
8
7
7
7
7
8
7
7
8
7
8
7
8
8
7
7
12
11
8
7
7
8
8
7
7
9
7
7
8
8
8
8
7
7
7
7
7
7
8
7
7
8
8
8
8
8
7
8
8
8
8
8
8
8
8
8
8
8
9
8
9
8
8
9
8
8
9
8
8
9
14
13
9
8
8
8
8
8
8
9
9
9
9
9
8
9
9
9
9
9
9
9
9
9
9
9
9
9
9
9
9
10
9
10
9
9
9
10
9
9
9
9
10
9
10
9
9
9
9
10
9
10
10
10
10
12
11
11
10
10
9
9
9
10
11
11
10
10
11
10
11
10
10
11
12
11
10
10
12
12
12
13
12
16
13
12
12
12
12
12
12
12
13
12
11
12
12
11
12
13
11
12
12
13
12
12
12
12
11
12
12
12
11
12
12
14
12
13
12
13
13
12
14
13
12
19
16
15
13
14
13
12
14
12
14
14
13
13
14
13
13
13
13
12
13
13
12
13
12
13
13
12
13
12
13
14
13
12
12
13
13
12
13
13
13
13
14
18
14
13
14
13
14
13
13
13
13
13
13
13
13
13
13
13
13
13
14
14
13
14
14
13
13
14
14
14
14
14
13
13
14
13
13
14
14
14
18
19
15
14
13
14
14
14
14
13
14
14
14
14
15
15
15
15
15
15
15
15
14
14
14
15
14
14
16
17
14
15
15
22
15
15
14
14
15
15
15
15
14
15
15
15
15
16
16
15
15
15
15
15
16
16
16
15
15
15
16
16
16
16
22
22
16
16
16
16
16
16
16
16
17
17
16
16
16
16
16
16
17
16
17
16
16
16
16
17
17
17
17
17
17
20
22
21
18
18
18
17
33
32
49
50
47
49
50
59
50
50
50
50
42
32
25
46
74667
296
287
283
254
350
254
290
321
313
320
314
255
298
309
252
338
276
292
283
247
302
285
284
303
282
317
84165
42
41
46
44
47
47
54
43
40
45
46
42
49
27
26
48
22
22954
107
114
89
100
90
108
81
89
100
119
116
122
107
92
162
96
105
117
118
198
108
198
195
110
219
178
118
101
102
128
97
157
146
111
105
111
108
129
101
95
1128
109
111
130
106
101
120
117
102
122
120
95
101
109
101
84352
46
59
47
48
46
48
51
50
41
30
38
98557
189
167
165
171
144
181
151
148
145
181
170
144
175
156
170
159
182
173
162
158
165
172
192
176
182
156
164
162
144
175
145
192
180
161
161
167
162
151
170
158
143
161
139
166
138
189
96459
25
25
24
24
24
25
24
24
23
24
24
24
23
24
24
24
24
25
26
24
24
34
25
25
24
24
24
28
25
25
25
26
25
25
24
25
25
25
25
26
25
27
25
26
25
25
25
32
27
28
25
27
25
26
25
27
26
26
25
26
27
28
27
26
25
27
28
26
27
38
28
27
27
26
27
26
27
28
27
26
28
29
27
27
27
27
27
29
27
28
28
27
28
27
36
29
28
29
27
30
30
33
36
29
27
28
29
27
28
29
28
28
28
28
29
31
29
29
30
42
31
28
30
29
30
28
29
29
29
30
29
30
28
30
29
29
33
29
29
30
29
31
29
31
30
44
30
32
29
29
30
29
31
30
30
30
30
33
32
31
32
31
31
30
30
31
32
41
32
30
32
31
31
31
32
31
30
31
32
32
32
31
31
31
31
32
32
32
32
32
32
43
31
31
31
32
32
32
33
32
33
33
34
34
33
34
33
33
32
33
32
32
32
32
34
46
33
33
33
33
32
33
34
33
35
34
33
33
33
34
34
34
33
33
33
33
35
35
35
44
36
35
34
35
34
35
35
35
47
35
34
35
36
36
35
34
35
35
36
35
42
39
35
36
35
36
36
37
36
36
36
36
36
36
35
36
36
35
36
35
36
37
36
43
37
37
39
36
37
36
38
37
37
37
37
37
36
38
37
38
37
37
38
38
38
37
46
38
38
41
38
39
39
38
39
39
38
39
39
38
39
39
38
39
39
38
40
39
39
41
54
40
39
40
39
39
40
40
39
41
40
40
47
40
39
40
41
40
39
39
40
39
51
40
40
41
40
40
41
41
40
44
42
42
42
42
42
40
41
41
42
41
42
52
42
43
43
41
42
43
43
42
45
43
42
43
42
42
42
43
44
43
43
42
43
56
43
44
44
43
43
44
43
44
43
44
45
44
45
43
43
44
43
45
44
60
45
44
45
43
44
44
44
44
44
45
46
48
47
47
46
45
58
45
56
47
46
45
46
45
47
45
48
46
46
45
46
46
46
48
46
46
46
47
47
57
47
47
47
46
47
49
47
47
48
47
48
47
47
48
47
48
48
48
47
59
49
55
48
49
48
49
49
48
48
48
49
49
49
49
49
49
50
49
49
57
49
49
49
49
51
50
49
50
49
49
50
49
51
50
51
50
50
50
61
51
51
59
50
50
51
50
50
50
51
51
53
52
51
51
61
51
51
52
51
51
51
51
52
53
53
52
52
52
52
53
51
52
62
55
52
52
53
52
53
53
61
53
53
53
54
53
54
54
66
54
54
54
53
54
54
55
55
53
55
55
54
55
54
62
62
55
55
55
56
54
55
55
56
56
55
54
54
55
56
55
56
63
56
57
55
56
57
55
57
56
56
56
57
56
57
55
57
69
57
57
56
58
58
58
57
59
57
59
57
57
58
59
58
59
67
58
57
58
58
60
59
59
58
58
61
59
60
59
59
59
60
70
60
59
59
59
61
59
61
60
59
60
61
60
60
61
60
67
59
59
61
61
60
59
61
62
59
61
62
62
61
61
68
69
62
60
62
62
62
62
60
62
61
63
62
63
62
63
72
62
64
63
65
63
64
63
62
63
62
75
63
64
64
73
65
64
64
63
64
64
65
65
63
65
65
64
65
65
74
65
65
65
64
65
65
66
65
66
66
65
66
66
65
75
66
67
67
67
65
68
66
65
66
66
66
67
68
69
78
67
67
67
66
67
68
67
67
67
68
69
67
68
68
83
69
77
76
69
70
70
71
71
70
76
73
71
71
74
85
70
71
73
71
71
73
71
71
71
69
72
72
73
89
71
73
72
71
71
73
72
72
72
73
72
74
72
75
105
73
72
71
71
73
73
74
72
71
72
72
73
72
73
80
73
72
73
72
73
73
73
73
72
72
73
75
74
73
73
84
72
74
74
74
74
74
73
74
75
75
76
74
75
76
87
76
75
75
75
74
75
75
76
76
76
75
75
76
84
76
77
77
75
75
76
77
77
77
76
80
77
77
77
77
86
77
78
79
78
77
78
78
78
78
78
78
78
79
89
78
77
82
78
79
81
79
82
82
80
80
80
78
87
79
80
89
79
81
81
80
81
80
80
80
80
79
80
80
80
80
91
81
81
81
81
81
81
83
81
82
82
83
88
96
83
83
89
83
83
84
83
83
83
82
84
83
82
84
83
95
83
83
84
84
85
83
84
86
84
84
84
84
93
84
84
85
84
85
84
85
85
86
86
85
84
86
86
86
94
85
85
86
86
87
88
86
96
86
87
86
86
96
86
87
87
87
88
88
88
87
87
88
88
88
90
88
98
89
88
88
88
89
89
89
89
89
88
89
90
90
100
90
90
91
92
90
90
91
90
91
89
92
90
103
90
91
90
90
90
91
91
90
91
93
93
93
91
92
92
100
91
91
91
92
92
92
91
92
92
92
93
93
93
101
94
93
94
94
96
93
94
93
93
94
94
94
93
105
95
93
94
93
94
96
95
95
95
95
95
95
95
105
95
96
95
96
96
97
95
96
96
98
98
97
105
97
96
99
96
96
97
99
97
96
98
97
98
109
98
97
97
98
98
100
98
97
99
99
98
99
111
99
99
98
99
99
99
100
99
100
101
100
101
109
101
103
99
101
101
100
100
100
100
101
99
101
101
113
102
102
101
101
103
102
103
102
103
102
102
111
102
104
103
102
104
103
103
104
103
104
104
114
104
103
105
104
104
104
104
103
104
104
105
105
104
116
104
105
107
105
106
105
106
105
105
105
109
122
107
106
105
106
108
107
107
109
106
115
107
108
107
116
106
107
109
108
108
108
108
107
108
108
108
109
118
109
109
109
109
109
109
108
111
112
109
109
109
110
119
110
110
109
110
111
111
110
111
112
110
119
115
110
110
111
112
113
112
111
112
112
112
112
121
117
126
113
113
115
117
113
116
113
116
114
131
114
128
135
116
114
115
115
115
114
115
115
114
124
116
114
116
115
115
115
116
115
114
116
115
116
116
125
116
115
115
116
116
115
117
117
117
117
117
128
117
117
117
117
116
117
117
118
118
119
126
118
118
118
119
119
121
120
119
119
118
131
119
119
128
119
120
120
120
119
121
120
120
120
131
120
120
121
121
122
129
121
122
121
121
121
132
122
123
123
123
122
124
123
123
122
123
129
123
124
123
123
130
123
124
123
125
124
127
125
139
127
125
124
126
125
124
125
124
125
131
125
126
132
128
125
126
125
126
127
126
129
129
126
135
127
125
126
126
128
127
127
127
127
127
138
128
130
127
131
129
129
128
129
130
129
128
140
129
128
137
130
130
129
130
130
130
129
129
131
139
132
132
130
131
131
133
130
133
131
130
138
135
131
133
133
132
132
133
134
132
132
146
133
134
133
132
134
135
133
132
133
134
144
133
134
134
134
134
136
136
134
134
134
145
135
134
134
134
137
136
137
135
136
144
136
138
137
137
137
137
140
144
137
136
146
138
141
138
138
138
140
139
138
139
139
147
138
138
140
139
138
138
141
139
139
140
149
140
140
139
140
139
140
147
140
141
141
147
140
140
142
141
141
140
142
142
143
148
142
142
141
142
142
142
143
142
143
143
155
145
147
143
143
143
143
143
148
144
144
156
145
145
144
144
145
143
144
144
146
145
157
145
146
146
150
146
145
148
146
147
147
156
146
147
147
147
147
147
147
150
147
159
146
147
147
148
150
147
148
150
149
169
164
157
150
150
151
151
151
150
150
150
149
153
157
152
151
151
152
151
151
151
152
152
157
151
151
152
151
152
152
161
152
152
152
162
153
155
154
154
156
155
154
153
153
153
163
155
155
154
177
156
158
157
156
155
165
155
157
156
157
156
157
158
156
155
156
163
157
156
156
158
156
156
157
158
156
157
169
158
158
158
158
158
159
158
158
159
158
168
159
160
159
160
160
162
159
163
161
160
160
168
159
162
161
161
162
161
161
160
162
163
173
161
162
161
162
162
165
163
163
163
178
163
163
165
163
165
172
164
163
171
178
164
174
164
164
164
164
164
167
164
173
179
166
164
167
166
166
166
166
165
171
176
166
169
168
168
166
171
168
165
167
181
169
168
169
168
168
169
169
168
172
178
170
170
170
169
170
169
172
170
170
181
170
169
169
181
228
209
252240
237
250
235
313
223
244
246
216
252
248
231
249
243
251
257
267
253
232
260
265
238
239
237
254
224
251
231
255
247
224
304409
172
172
177
173
173
173
185
173
174
173
177
174
173
174
177
184
176
175
176
174
175
175
176
175
175
182
176
178
176
177
176
176
177
177
176
187
184
177
178
178
179
181
178
177
177
190
180
179
178
178
180
182
179
179
179
191
183
182
182
178
180
181
181
180
182
195
182
182
182
181
183
188
182
184
183
190
182
182
183
183
188
184
191
247
198
1234559
521
543
539
539
517
546
504
531
564
609
664
512
521
510
358678
230
1252246
1059
1058
1020
1034
1030
1071
1109
358438
187
185
185
185
185
186
186
186
195
185
188
187
187
187
196
187
187
195
187
186
187
186
187
188
188
187
196
190
188
187
196
188
189
190
190
190
202
193
194
193
190
192
194
195
198
201
194
197
202
196
191
192
192
192
193
205
193
193
193
195
193
193
193
194
193
216
198
194
198
193
193
194
193
194
194
207
194
208
194
195
202
194
196
200
201
204
197
204
203
196
198
204
197
197
208
206
199
197
198
208
218
199
197
207
199
199
202
206
200
199
199
199
199
214
201
204
203
204
201
202
202
202
202
211
202
211
204
209
213
212
209
211
257
216
211
227
207
215
204
203
205
214
205
204
204
207
207
204
205
206
206
212
205
205
207
207
205
205
204
204
214
222
205
206
206
206
206
206
207
208
208
209
207
206
206
207
207
208
207
220
208
208
207
212
210
208
253
293
242
319987
270
281
252
256
268
262
240
286
282
251
244
276
260
252
253
258
290
285
269
279
244
265
283
281
258
250
250
266
359886
211
220
212
212
213
213
212
215
213
212
222
214
213
215
215
213
213
214
213
220
214
215
215
214
216
220
215
216
235
216
216
216
216
221
215
216
228
216
217
218
219
217
218
217
219
224
218
218
219
218
218
220
219
220
227
220
221
220
220
220
221
221
221
229
220
222
222
226
267
233
1562888
656
592
617
595
590
608
629
818
678
668
721
406141
247
1579535
1184
1223
1297
1208
1262
1341
400808
228
227
225
226
226
227
242
228
227
227
230
227
227
229
230
236
232
231
229
240
232
234
235
241
249
231
232
232
230
229
235
244
229
238
233
233
239
240
239
247
247
235
234
233
232
232
238
238
240
236
236
236
265
249
234
234
248
232
244
288
235
238
261
235
235
250
237
235
251
244
235
238
239
246
236
246
238
263
245
244
241
243
237
248
251
237
244
240
241
247
241
249
247
253
237
243
258
240
241
242
240
252
247
244
241
250
250
240
242
250
262
241
243
250
244
244
250
246
254
242
246
254
248
245
268
269
245
255
246
245
246
245
244
244
245
261
254
249
280
259
252
261
254
254
276
248
250
250
256
248
248
248
249
261
251
248
254
251
250
251
251
263
266
255
255
281
304
263
264
265
266
255
258
252
255
280
270
306
271
268
271
263
285
280
274
287
314
317
309
303
281
274
272
285
295
357
278
267
273
261
264
271
254
255
258
257
256
256
257
285
256
260
259
258
256
260
260
258
277
259
260
276
265
263
260
258
281
263
262
258
259
259
262
260
270
260
262
262
260
262
263
261
271
274
262
263
262
263
263
262
273
274
265
264
262
264
263
376
721
629
270
273
282
265
275
291
279
266
265
265
288
295
268
271
295
277
266
270
267
268
266
276
270
307
275
277
269
273
273
272
268
271
293
273
277
275
278
269
269
270
278
281
272
277
270
278
276
284
285
290
293
278
273
281
281
278
277
271
281
295
278
278
290
309
284
285
278
290
287
279
279
282
284
275
275
276
283
286
279
276
276
279
279
279
277
284
293
280
282
283
278
282
278
282
290
277
282
285
287
286
285
321
317
316
284
285
293
322
307
294
312
289
303
318
308
318
309
310
329
298
296
293
313
324
303
311
348
294
309
323
304
287
287
297
306
289
310
332
302
335
641
306
327
289
301
290
302
306
285
303
335
353
320
293
294
294
294
331
353
452200
341
317
1389
343
335
318
332
361
338
336
350
337
335
346
341
345
355
315
328
5416