50
36
51
32
40
42
32
51
35
36
53
43
44
40
30
47
52
49
38
32
54
45
36
49
53
46
43
36
37
44
65
44
37
43
31
38
41
42
34
36
43
39
42
41
38
48
47
40
43
33
42
46
39
43
40
39
43
39
33
49
76
39
71
46
45
41
36
38
46
41
38
52
41
46
38
44
41
38
39
51
56
42
54
37
39
53
39
49
41
49
44
47
40
40
54
51
55
52
1102
50
48
40
46
43
50
38
42
51
50
85
94
47
56
41
44
50
48
45
41
45
50
43
38
38
54
46
70
42
49
58
80
42
62
52
47
44
44
38
53
44
59
47
43
47
45
51
42
42
46
43
47
48
53
47
46
70
60
53
44
46
44
44
45
50
48
99
52
55
116
47
44
47
61
57
65
74
55
56
49
45
50
65
49
52
44
54
53
53
61
63
51
45
50
58
57
49
49
42
1085
51
51
43
50
59
53
43
62
65
64
44
70
52
44
50
50
47
55
59
51
50
51
64
78
79
50
52
42
51
45
57
49
66
56
73
55
58
49
69
60
72
52
46
43
75
57
66
52
58
62
74
62
49
62
53
48
43
74
48
51
53
52
60
49
55
45
48
51
72
77
54
76
59
68
48
55
57
51
53
54
56
50
72
73
106
80
67
88
68
86
61
64
77
83
76
65
76
72
77
1144
64
70
78
74
76
90
72
91
67
83
72
88
100
74
76
74
101
87
78
78
80
79
90
93
80
75
88
103
82
103
78
72
83
72
75
80
97
87
88
86
81
76
78
78
85
102
98
81
81
76
73
88
78
76
75
85
84
74
85
83
111
109
91
98
93
97
87
95
78
101
75
88
102
91
83
79
83
80
96
90
98
80
96
93
108
103
96
76
79
88
89
85
98
105
86
98
94
79
92
1109
91
89
84
96
78
91
87
80
89
78
92
93
95
94
83
92
94
99
94
86
94
94
87
85
99
105
114
93
113
96
96
99
104
112
97
107
88
98
97
92
98
88
94
95
108
95
97
94
87
96
92
96
104
96
97
100
95
105
99
121
100
122
97
97
103
90
110
109
101
101
108
105
97
113
112
127
117
113
105
105
92
94
110
86
119
94
111
101
101
94
93
109
113
104
109
108
111
112
100
1150
88
90
110
118
102
109
112
98
105
97
108
112
133
107
92
99
133
104
118
108
106
105
116
103
104
125
120
94
102
92
105
103
112
91
103
103
128
145
109
129
101
108
115
110
112
102
98
97
108
111
98
109
105
95
97
108
111
101
111
107
121
123
130
138
142
211
160
119
137
107
123
130
139
137
169
151
135
132
127
136
153
126
125
121
141
114
139
128
126
133
124
138
176
166
133
123
142
133
131
1189
114
108
109
112
129
116
127
107
102
104
120
108
109
190
108
105
110
123
117
117
127
106
119
115
121
115
116
110
119
109
124
124
117
117
107
128
104
105
126
116
111
144
116
117
128
128
119
157
128
145
158
164
141
175
227
153
175
139
214
138
135
160
134
136
147
112
137
128
168
126
181
125
144
141
144
132
128
137
163
127
132
141
137
118
144
119
140
128
134
166
167
153
147
141
134
126
131
163
129
1173
135
127
116
125
129
125
127
117
146
131
133
153
190
172
159
137
202
203
169
183
123
133
130
149
130
122
140
154
152
204
147
172
160
138
161
164
151
149
155
144
215
175
156
157
143
159
183
178
181
157
158
182
159
240
169
156
146
177
184
172
146
169
225
146
181
256
188
164
195
160
185
161
169
197
180
144
174
198
205
190
217
150
153
190
155
185
205
139
184
159
153
184
238
173
180
183
169
175
221
1218
157
173
201
192
181
225
246
189
216
154
172
153
174
146
167
189
241
139
165
139
150
144
168
187
164
182
249
203
166
155
151
186
176
190
156
183
205
153
160
220
209
192
203
181
164
173
216
162
144
182
189
189
226
186
144
183
153
192
207
205
182
171
207
155
205
187
189
202
149
191
172
227
216
202
213
180
173
206
161
226
222
164
229
169
212
168
165
165
187
169
166
204
181
169
160
205
199
186
164
1164
170
172
170
182
176
157
149
158
159
164
177
169
153
143
172
162
184
179
190
170
205
157
155
154
195
157
153
164
176
155
170
175
161
155
183
176
201
168
195
184
181
180
163
152
160
161
172
192
172
182
198
171
189
167
204
255
185
161
158
203
153
208
177
167
172
193
166
191
176
174
224
189
163
153
159
149
148
155
152
149
158
144
158
160
153
157
163
168
168
166
166
193
157
168
161
177
175
173
157
155
161
180
183
168
185
178
168
183
181
165
177
162
159
159
170
178
165
194
167
163
161
172
162
168
183
159
177
179
157
162
170
185
173
174
153
160
159
183
157
175
185
163
179
167
157
186
166
163
168
173
156
165
166
185
161
165
175
188
187
203
172
174
177
188
231
198
178
190
190
185
174
214
177
168
199
167
173
171
167
169
180
172
186
165
197
192
170
184
197
182
169
176
182
163
173
181
177
158
191
172
186
171
196
188
180
200
206
178
170
167
188
169
182
174
178
165
175
178
182
189
175
180
185
212
174
182
176
187
169
183
179
182
171
185
177
184
180
211
196
187
181
177
174
188
199
181
189
205
227
190
193
186
166
176
185
191
180
211
202
187
206
191
188
185
188
198
200
209
211
196
216
193
215
190
174
175
194
204
189
187
187
188
200
194
189
190
211
207
203
182
187
203
194
186
186
194
189
182
204
196
198
184
183
184
167
195
188
187
194
190
215
187
194
198
193
227
198
190
194
183
182
192
196
187
201
191
200
185
194
183
200
198
189
203
203
190
184
196
200
195
199
186
183
211
190
195
198
192
209
198
192
200
188
187
214
194
202
193
193
193
205
187
208
217
195
194
205
194
181
193
219
187
184
189
197
210
199
199
218
219
197
200
203
219
235
193
197
194
203
193
201
205
209
234
193
183
211
205
205
232
204
223
182
206
209
197
214
205
196
207
215
198
185
204
197
202
225
202
225
194
200
197
209
202
230
219
221
214
205
223
208
234
233
229
204
199
223
224
209
220
232
215
215
215
231
231
232
230
228
202
212
216
203
222
208
201
222
214
206
223
217
211
222
208
223
202
222
215
248
215
214
272
208
224
231
218
215
226
223
215
236
377
224
235
317
286
207
225
231
218
210
238
229
226
233
215
228
218
244
254
246
245
207
214
222
217
226
233
244
301
218
256
237
264
222
221
213
243
307
268
264
379
226
232
259
227
226
224
231
233
243
229
223
242
222
221
238
246
216
244
238
227
221
233
233
268
232
250
216
225
291
308
228
268
220
234
227
220
222
221
256
250
248
223
263
245
238
243
245
243
253
224
234
228
234
227
246
251
253
249
216
245
230
244
237
226
244
281
236
245
237
249
243
257
248
228
236
232
245
258
237
258
261
245
235
222
258
257
255
235
240
241
251
242
242
239
257
255
233
228
255
253
230
241
245
255
252
249
227
262
235
226
249
243
260
246
251
217
234
259
230
255
232
224
240
241
251
237
250
237
245
240
243
236
254
233
267
230
242
245
220
255
252
234
243
235
232
234
231
242
232
261
244
245
241
230
257
253
261
244
237
265
262
252
246
261
241
275
253
263
260
250
249
230
268
235
259
251
250
246
269
252
274
228
255
275
252
264
236
244
240
264
244
252
262
252
233
250
283
249
279
250
255
237
237
252
271
249
204
174
155
195
255
241
276
254
234
257
270
254
252
243
263
254
226
255
254
267
249
164
257
244
236
246
242
247
279
248
252
243
249
275
273
278
283
299
240
270
263
290
237
254
290
254
260
266
241
259
243
262
264
278
285
268
258
274
256
273
264
247
303
241
286
296
309
241
267
279
276
288
283
284
283
255
258
280
280
278
280
253
252
257
252
268
273
266
281
264
268
266
270
278
258
275
280
294
264
271
276
281
285
266
287
277
298
260
282
283
256
300
283
279
276
305
299
279
279
299
303
314
260
259
307
301
293
262
242
268
273
286
288
285
288
267
261
289
283
297
306
281
302
280
278
293
285
282
279
296
283
271
288
274
294
289
274
282
289
308
282
280
290
266
282
246
282
272
294
310
295
289
304
274
274
273
287
271
298
293
301
282
299
288
277
286
305
312
282
298
305
268
294
279
299
286
322
314
296
268
290
263
306
269
280
265
295
286
282
272
311
283
290
296
293
302
300
290
307
278
302
264
265
293
269
282
281
321
304
291
283
279
305
284
281
295
300
305
295
297
295
302
297
311
282
304
311
302
309
278
306
285
307
302
308
306
312
303
300
298
338
299
301
280
289
303
330
306
276
294
314
284
360
306
308
312
283
300
337
305
306
284
299
338
279
291
309
313
320
286
311
302
307
312
278
282
285
289
315
279
271
332
298
305
327
288
311
308
300
309
304
333
299
318
317
314
319
291
319
326
300
302
342
318
296
307
310
334
311
320
291
314
304
317
331
326
316
305
292
312
316
310
318
340
300
320
272
309
322
303
323
315
315
325
313
297
325
319
306
320
333
305
322
336
304
299
313
302
327
299
319
320
337
326
327
311
313
305
324
321
299
321
305
314
340
338
301
318
324
314
294
340
310
307
322
329
296
329
314
332
312
335
314
310
335
326
303
317
324
310
334
338
315
318
338
313
327
323
327
327
332
329
313
330
316
334
305
314
343
322
318
319
337
350
320
312
322
333
338
328
331
327
313
314
336
327
339
337
298
311
313
335
300
323
341
335
343
323
341
355
353
365
337
371
407
354
323
348
331
323
331
344
331
333
330
320
338
317
355
334
322
348
309
339
332
317
342
341
361
348
319
341
338
307
368
329
331
341
351
348
337
366
334
330
344
345
339
347
348
326
346
325
327
338
338
369
320
344
322
340
354
351
351
349
332
308
322
352
348
341
334
316
344
364
322
366
362
316
338
359
329
355
348
344
331
348
341
338
350
341
347
351
353
349
336
345
351
353
332
367
323
367
347
319
336
351
347
353
349
332
367
338
360
355
356
333
325
350
341
363
372
340
354
343
355
372
342
367
393
341
341
370
364
374
354
336
326
352
327
363
366
346
343
348
374
360
329
386
395
371
358
346
360
352
350
377
351
372
360
345
324
351
335
365
330
335
314
346
348
363
355
380
363
362
393
357
385
412
407
361
378
391
365
374
349
386
362
368
374
355
359
353
362
363
323
356
360
341
380
367
339
383
397
406
401
373
407
344
374
368
755
360
383
337
354
332
370
367
363
357
356
384
391
343
352
378
394
395
372
371
373
383
345
346
357
391
369
364
393
367
382
366
381
408
346
372
335
396
363
382
377
427
466
408
363
384
392
358
386
393
397
372
356
381
367
366
366
385
402
364
347
386
373
373
374
385
377
424
425
369
419
362
363
382
384
359
349
393
380
390
450
389
399
360
392
395
362
400
360
360
365
297
378
378
393
368
342
356
403
381
397
386
382
362
403
384
401
388
384
380
380
378
392
360
380
368
379
374
411
397
377
375
387
401
408
399
372
396
379
393
369
379
403
383
399
443
404
374
363
364
372
373
402
382
367
399
399
416
370
383
375
361
406
370
381
401
376
393
408
383
379
395
394
383
378
411
364
386
364
419
370
364
442
387
385
365
397
370
405
426
713
438
387
376
377
411
401
379
389
373
389
408
406
402
419
374
393
387
407
390
398
377
359
377
392
409
400
388
395
387
383
393
380
394
383
383
374
375
407
373
384
387
368
388
376
361
362
382
380
386
366
379
412
419
421
386
383
406
380
393
385
406
395
397
403
417
394
386
381
397
389
402
387
405
417
407
399
377
420
383
400
396
376
396
421
388
400
410
421
443
401
412
405
410
405
383
475
408
398
395
448
383
425
419
433
385
435
396
401
417
410
416
396
438
409
402
443
427
408
407
390
412
396
379
410
414
398
409
410
431
435
398
389
387
412
420
401
414
409
409
376
412
376
400
386
418
438
409
414
417
403
419
398
388
415
385
411
408
437
421
405
404
383
379
404
418
379
415
404
391
432
385
391
421
394
418
420
406
410
423
416
415
441
414
397
390
426
424
433
430
399
436
428
435
418
413
424
414
418
409
414
421
407
403
386
402
453
393
426
444
416
423
409
425
426
450
435
412
411
456
432
420
361
403
441
423
433
440
415
411
417
416
410
413
415
437
406
398
384
405
445
413
408
416
391
404
443
407
421
408
434
440
424
442
452
423
474
395
425
428
421
419
437
432
428
431
404
420
447
428
457
420
423
444
409
442
433
411
440
434
429
426
430
422
435
439
420
440
453
373
414
417
447
462
408
460
380
471
426
396
473
417
418
420
440
432
424
454
431
426
420
475
409
421
422
459
444
410
432
426
432
410
453
433
438
444
433
425
408
450
424
427
426
438
442
445
415
441
470
459
415
425
439
423
432
429
435
459
435
450
446
429
463
471
416
475
476
466
427
427
404
410
449
432
415
446
411
420
425
465
461
445
433
442
455
444
426
410
438
461
433
500
421
450
437
465
473
481
451
472
447
437
448
460
446
442
440
438
443
449
427
448
397
426
401
440
432
445
430
418
411
423
428
431
447
419
461
433
465
452
425
438
429
444
445
479
432
412
466
458
487
447
464
434
459
459
439
465
473
499
440
466
457
468
444
443
459
456
420
431
446
463
439
440
442
515
497
516
469
452
461
460
420
443
450
481
471
492
477
493
1522
472
469
474
501
497
482
452
479
479
445
442
443
429
471
548
470
457
465
478
432
451
432
439
473
458
460
465
477
474
464
467
448
460
434
479
443
504
493
508
510
454
503
450
472
502
471
454
470
504
458
509
473
452
480
442
491
433
455
465
461
453
497
445
472
466
469
468
492
469
501
444
480
474
457
432
450
470
460
451
486
461
461
466
438
445
472
471
490
484
465
465
464
473
500
467
506
469
489
465
481
459
478
450
440
463
447
439
474
470
482
461
461
467
500
476
472
456
475
465
461
441
458
496
545
503
474
484
477
476
450
517
466
490
483
470
466
516
471
456
476
453
411
455
456
461
450
482
489
479
501
477
492
493
502
474
476
466
459
490
424
470
487
483
496
450
501
508
515
504
474
482
478
461
479
483
490
477
492
510
515
488
493
533
485
516
496
522
485
479
476
498
477
546
503
484
486
503
506
522
517
484
471
488
504
516
510
495
476
487
436
451
426
483
501
463
483
466
471
492
472
463
512
484
479
484
569
490
492
489
494
494
492
497
534
494
501
510
487
485
490
509
500
504
536
497
504
502
499
507
531
520
477
530
470
464
501
460
449
444
471
475
466
500
473
478
474
532
475
495
475
485
466
489
506
509
504
480
499
480
485
447
482
448
492
482
508
502
565
515
524
516
463
489
474
477
495
445
507
502
491
493
496
497
516
521
566
496
500
488
478
547
527
491
513
501
485
612
478
498
486
498
479
504
526
546
502
468
491
478
509
487
520
487
499
481
533
480
507
546
490
538
494
477
522
455
530
532
497
499
507
526
482
496
493
486
498
518
493
500
487
498
495
493
515
539
504
499
493
461
478
496
504
483
512
524
517
489
506
500
514
517
504
538
506
513
504
510
521
548
540
517
531
517
529
547
519
542
513
533
538
491
506
532
524
491
569
519
403
334
398
331
328
316
335
328
346
501
513
461
473
442
471
467
448
463
460
441
412
514
526
518
508
490
467
472
481
477
493
503
525
487
513
516
492
507
504
546
495
528
519
536
550
531
522
533
531
529
609
522
489
507
518
548
489
538
553
518
546
524
554
527
503
532
544
540
517
536
567
542
512
515
516
499
516
529
559
557
487
523
512
532
566
498
538
540
526
536
530
564
551
517
513
533
559
530
550
547
552
549
519
505
537
538
553
535
473
513
507
534
524
525
480
517
506
522
524
505
548
538
532
553
508
542
594
555
548
564
487
536
602
536
541
517
533
532
541
521
519
545
512
560
513
537
565
546
580
544
533
530
541
606
602
561
521
556
534
607
563
525
539
520
519
530
505
566
534
543
514
534
517
536
531
597
595
505
515
581
590
510
530
535
533
536
537
519
530
542
512
525
524
552
513
571
514
560
541
540
557
538
490
542
503
520
543
513
540
515
523
557
553
589
553
562
536
544
539
517
504
584
529
586
564
560
560
576
545
514
512
504
509
527
571
512
546
535
544
556
556
554
544
566
576
570
527
534
544
524
547
618
558
546
565
556
544
559
600
510
501
532
543
527
600
508
556
562
558
551
550
556
542
552
500
535
531
531
549
535
546
594
554
571
546
647
560
586
529
550
496
485
547
532
474
471
487
477
544
528
457
436
421
376
443
531
538
522
585
550
573
557
555
548
565
561
534
553
459
528
539
530
570
545
583
564
579
551
560
568
558
585
525
541
570
574
563
599
605
520
615
558
578
565
567
571
611
564
541
569
569
575
568
596
559
618
560
594
553
594
524
542
580
574
622
565
572
553
566
630
575
592
545
605
605
567
555
571
572
606
549
523
569
568
610
552
565
585
583
576
553
576
579
608
535
574
566
607
559
553
598
519
584
602
624
577
583
557
580
601
604
600
639
629
597
539
570
581
520
524
515
522
598
577
599
565
617
532
540
561
566
567
594
593
602
573
602
580
606
588
541
566
586
624
615
586
567
640
577
585
624
616
525
563
574
613
606
550
563
573
571
578
603
590
620
562
647
602
553
556
552
550
567
564
552
623
563
597
618
590
618
592
588
615
602
591
573
637
600
630
612
552
607
616
583
622
542
576
576
593
612
598
615
574
569
604
637
612
571
622
564
581
585
587
586
559
599
603
628
580
598
590
612
587
602
550
636
534
559
582
548
593
589
586
587
631
589
610
621
629
556
566
574
611
606
593
547
613
657
635
588
580
581
596
644
584
559
575
649
604
592
551
552
551
559
601
588
570
579
574
593
594
633
635
589
603
606
590
621
592
625
607
621
608
598
591
606
580
620
584
612
581
594
597
604
589
633
591
630
653
630
605
573
598
578
591
651
584
623
561
625
674
602
596
633
574
671
628
595
613
599
591
610
630
567
642
596
599
621
575
645
597
621
585
605
567
519
578
647
579
606
582
586
1660
692
582
592
597
589
610
655
562
577
584
599
604
611
615
594
601
586
584
617
618
603
562
571
619
623
626
590
667
585
615
594
614
615
631
617
631
593
574
599
618
581
605
591
627
635
599
636
646
622
617
623
593
616
608
615
592
584
602
583
607
669
606
597
593
625
633
669
608
645
631
581
649
620
547
613
566
590
644
591
624
586
630
596
590
619
589
613
651
607
579
616
579
618
610
588
579
599
706
604
619
638
611
608
596
614
578
633
618
646
676
621
576
605
644
631
643
629
628
649
621
620
632
629
593
581
643
606
639
633
649
622
585
591
609
626
627
595
700
629
665
665
626
642
680
589
641
622
618
639
635
645
646
639
635
622
626
625
668
595
600
622
669
607
647
612
623
634
655
645
615
596
595
644
633
579
557
614
641
598
587
658
656
647
628
637
629
633
655
671
651
620
623
650
655
688
715
665
616
608
640
714
631
639
609
645
668
633
641
634
632
603
657
637
643
632
617
627
620
617
647
646
632
671
592
672
611
605
632
641
638
575
612
636
579
628
632
665
626
621
600
604
642
642
588
632
654
641
630
653
625
626
652
642
651
677
642
577
597
596
601
631
652
620
668
633
628
649
638
583
576
629
615
625
617
618
638
622
604
649
661
632
606
623
655
636
616
630
635
653
773
665
623
794
640
636
654
588
618
644
627
676
615
638
665
647
624
626
672
658
633
650
664
609
616
639
657
654
665
619
642
672
646
653
647
635
640
613
622
694
618
648
625
668
619
639
650
639
667
662
660
613
638
640
648
688
651
670
655
672
649
683
674
657
682
710
655
644
630
639
609
678
615
635
603
669
686
609
639
673
629
629
641
659
626
651
622
653
675
672
712
639
743
673
654
678
640
695
672
697
641
644
636
668
662
618
597
713
710
628
661
667
640
697
655
640
662
699
629
636
697
654
641
655
691
670
680
668
659
647
654
690
678
637
605
668
656
664
646
739
642
660
653
636
675
684
640
644
667
653
633
747
647
671
666
698
650
665
679
668
703
694
713
653
652
663
652
701
699
642
680
688
618
646
659
675
674
685
656
667
695
649
718
777
667
700
636
650
699
648
667
652
663
660
679
715
671
682
635
671
693
658
631
679
642
675
675
686
679
687
700
684
684
642
765
635
686
686
628
676
712
626
627
685
716
650
691
643
666
670
660
678
669
664
695
684
653
682
672
663
645
665
664
680
669
663
673
711
652
636
667
642
687
662
675
715
657
670
682
667
651
652
653
621
666
706
666
655
704
670
677
680
628
700
692
681
695
705
716
734
743
720
632
654
677
649
656
706
667
693
684
695
690
781
687
717
732
698
702
676
704
673
713
747
692
693
700
686
661
685
659
643
707
680
712
766
659
696
679
676
697
684
688
694
697
676
720
720
723
673
686
748
706
747
675
731
697
688
697
760
671
675
684
715
752
700
683
711
707
715
668
659
663
614
635
630
708
734
713
674
718
686
668
691
702
713
672
670
744
715
679
727
690
691
706
703
688
710
709
656
668
668
697
635
711
721
669
688
656
682
685
677
755
756
719
703
685
707
698
705
703
665
716
718
767
740
725
721
696
735
673
736
673
701
746
673
680
709
727
752
705
675
674
760
702
702
695
699
708
668
713
709
635
707
721
668
711
673
680
692
657
671
744
685
778
698
736
697
704
727
699
669
691
674
712
692
755
779
725
651
708
712
725
734
699
728
716
801
718
700
734
669
714
675
665
709
778
691
710
709
712
760
723
734
738
714
689
766
725
714
704
730
731
733
706
714
695
719
712
733
733
691
733
754
697
673
709
728
710
706
674
717
733
723
797
777
757
727
761
770
732
795
784
774
731
750
685
728
772
719
725
804
737
793
758
744
747
771
737
694
728
749
748
746
776
792
786
755
729
728
746
769
745
802
719
824
770
715
707
702
757
761
724
718
737
747
707
716
712
732
704
743
706
712
720
739
733
726
695
704
818
764
707
727
721
761
784
753
770
759
685
725
702
745
761
694
731
783
713
694
698
757
714
737
743
761
773
830
756
731
736
738
755
740
777
812
783
743
760
714
753
791
719
690
738
737
810
699
748
747
737
766
778
805
785
753
783
729
742
753
752
724
720
717
715
768
738
757
756
769
778
733
732
810
758
778
727
710
742
710
735
770
763
810
741
711
759
732
716
769
726
762
784
733
755
760
781
715
716
752
752
818
775
770
739
768
736
737
749
712
749
709
772
740
700
795
749
758
778
771
807
803
704
749
755
737
763
712
772
744
719
761
750
725
748
722
729
764
756
762
785
772
792
742
751
722
777
730
755
751
882
766
760
840
768
796
731
756
760
818
817
776
784
737
742
744
775
763
737
732
739
721
719
772
794
818
787
733
742
732
769
810
831
759
735
764
755
803
720
780
736
755
807
813
766
795
821
753
758
806
782
713
788
740
777
766
766
785
790
771
741
784
716
790
749
748
752
771
743
785
778
756
733
755
789
758
775
795
811
785
765
748
756
763
764
776
769
807
818
807
758
760
784
815
806
723
778
761
777
721
763
789
759
757
816
733
835
789
755
772
753
777
731
777
826
775
762
826
878
816
791
827
766
789
725
836
713
787
776
807
802
764
806
795
842
748
810
781
760
802
807
708
788
787
737
788
797
801
787
802
801
825
792
809
775
808
833
776
782
789
824
795
780
828
810
804
789
755
810
737
793
774
859
808
779
778
804
806
775
747
803
831
752
796
840
818
840
791
868
772
873
826
778
776
773
786
775
793
849
803
864
795
819
769
796
782
844
824
836
804
791
769
774
781
773
842
814
789
811
822
807
809
772
814
814
773
817
751
799
773
812
851
765
802
794
827
807
784
783
769
862
811
818
788
794
758
788
769
834
783
778
843
766
774
752
787
831
776
818
828
796
772
782
802
814
824
787
833
825
842
857
812
806
843
800
777
811
786
804
800
764
820
805
850
818
788
793
783
779
819
761
813
810
805
821
779
782
831
822
801
826
872
834
776
808
792
801
806
804
814
783
809
830
809
801
803
795
908
812
793
741
815
790
762
783
784
777
810
792
809
834
775
788
803
800
846
781
807
789
891
857
788
789
839
798
758
784
783
807
778
815
772
837
817
809
812
782
836
841
800
796
819
810
825
794
828
805
815
786
798
776
814
808
825
770
863
798
793
881
878
798
805
830
768
820
820
816
838
801
850
835
786
828
838
879
825
832
825
764
855
819
784
810
855
834
809
818
827
836
815
831
814
845
833
821
862
859
819
831
847
832
859
828
821
818
851
839
868
855
802
858
835
811
882
832
838
847
876
833
768
970
823
879
809
848
784
804
819
811
880
882
817
816
880
866
773
817
799
851
833
832
820
875
793
859
846
817
844
844
820
821
836
805
826
832
817
814
848
808
838
829
779
812
796
876
884
818
817
820
832
825
835
814
844
864
822
841
845
800
830
872
798
963
871
868
866
828
865
874
836
840
863
830
848
863
819
841
872
814
850
838
907
813
801
797
878
850
844
820
865
845
822
856
882
866
875
843
860
782
818
863
809
813
807
826
856
850
843
854
836
824
817
848
799
855
850
840
839
860
862
885
879
866
813
882
869
830
835
838
913
853
900
883
890
822
845
822
819
827
810
827
842
842
855
874
844
827
839
825
826
853
850
883
842
852
802
834
861
899
826
845
840
815
823
826
862
917
877
851
836
870
859
852
859
907
833
907
877
924
895
894
925
855
837
838
778
698
621
636
700
979
805
860
844
847
897
881
878
867
859
837
896
856
846
872
854
867
828
851
878
876
807
924
881
907
831
854
868
833
890
875
846
854
878
880
840
836
803
834
808
898
870
828
847
874
899
847
832
823
814
862
810
878
873
896
853
887
865
891
932
876
886
879
864
866
897
858
844
845
876
915
830
898
900
882
860
866
911
882
916
902
866
913
876
873
848
871
827
841
873
886
829
893
907
861
834
896
903
886
874
895
876
907
909
919
813
858
852
866
912
896
909
839
870
895
862
822
888
871
870
840
857
850
870
880
866
917
880
915
887
830
858
913
895
920
848
874
903
891
2005
919
895
852
929
876
864
857
961
902
913
860
944
867
979
924
884
851
852
845
850
859
870
904
932
888
899
990
917
845
903
847
888
897
880
823
885
904
855
863
954
920
909
893
868
877
903
875
840
889
929
881
864
871
965
890
984
882
830
884
931
937
855
932
945
924
918
899
889
877
956
930
949
904
865
912
903
911
899
836
939
883
891
866
854
864
841
853
892
914
879
888
881
899
924
861
880
915
917
878
920
871
994
915
948
937
925
917
913
935
894
941
863
950
827
877
931
910
896
910
918
919
884
884
919
944
938
940
954
891
868
892
960
950
877
894
968
928
943
951
957
910
902
848
908
950
957
937
908
862
895
929
912
874
819
896
990
911
864
893
904
917
930
891
868
900
920
874
884
955
970
942
989
966
960
925
927
861
922
978
967
969
1017
977
891
895
893
930
944
962
941
890
903
897
931
951
938
930
919
882
883
971
948
908
876
857
942
945
980
964
920
916
973
863
922
977
968
1005
961
902
942
899
916
917
936
904
890
891
879
947
908
961
881
955
938
966
948
1002
959
932
924
932
881
942
910
938
922
938
886
914
971
936
956
915
930
919
920
943
925
957
904
925
910
972
965
969
957
950
1048
959
960
964
931
857
929
963
962
905
940
934
914
891
915
960
906
904
933
953
925
940
961
991
959
946
954
945
882
934
1013
1066
1061
1000
998
905
889
914
971
926
909
838
926
977
939
964
973
1003
948
925
923
1002
1009
1005
1025
973
977
985
1012
977
1007
996
973
1012
1036
998
1010
991
921
978
971
1058
961
986
1014
1046
990
1008
1007
1000
1032
993
10438
1012
1022
1011
1017
983
990
965
1037
994
990
1002
979
966
949
924
941
895
892
919
935
916
934
995
989
936
935
1174
908
926
994
969
986
1066
1000
1020
996
1046
983
1003
997
1019
1051
949
955
989
1025
1041
1013
1011
954
1034
1022
984
1010
1002
934
892
909
945
937
929
918
953
984
996
965
957
988
990
961
931
945
928
980
935
977
980
959
1019
1082
1029
965
1040
987
1001
1002
987
1004
954
986
997
997
998
1066
1031
985
1017
1004
943
1004
1008
992
1057
987
996
1002
998
1005
1003
1003
1021
961
978
915
963
988
1049
1011
1041
1048
1000
948
960
1001
1000
1018
1014
988
1045
1052
1019
1004
1019
979
1033
950
1016
1013
1031
972
917
963
1054
1111
996
971
945
973
1120
949
995
1013
1019
995
933
970
967
1009
1001
1016
1057
1022
1027
1003
1064
1031
945
944
958
1045
1022
926
1023
1009
1023
1039
957
996
960
1030
1023
1047
972
1014
942
953
1009
1008
1077
1031
963
980
1001
1005
1006
1043
1049
952
978
947
996
965
1025
1062
1008
1008
961
1016
1007
1009
1028
974
1003
990
1042
993
955
1013
981
1008
1061
951
1002
1022
1018
973
1000
1064
995
1017
968
938
1013
1063
1012
1006
936
978
1061
961
994
987
1001
1078
973
958
1002
1006
1014
1030
1041
968
907
985
971
1002
1030
1049
1012
1031
993
979
1111
944
968
967
963
1078
1004
1057
986
982
930
1084
1058
977
952
1003
946
1005
1049
978
957
959
1016
1058
1087
1013
1046
965
988
964
968
950
1029
1001
1067
1002
964
930
1022
990
1056
1056
1010
966
1004
978
995
953
1038
979
1003
1073
1030
999
993
955
953
1023
979
1007
1109
1007
986
980
955
992
964
1057
1036
950
983
1008
983
1024
1004
963
1037
986
980
982
1041
1008
990
1032
993
982
965
1041
989
1037
1007
986
961
1012
1036
1040
978
996
976
962
1024
1059
988
986
995
989
985
968
1011
1034
1009
987
972
1041
1004
979
1024
992
997
969
1003
1059
1045
1020
964
1028
997
968
950
1001
981
1004
1056
1019
981
1062
975
983
1019
964
1039
955
1004
956
1066
1005
988
994
966
956
1027
1013
1084
1020
999
982
985
976
1039
992
1013
993
989
1023
986
947
964
996
1059
1016
1011
991
961
992
991
1027
988
983
1036
990
1011
1131
962
1063
1016
973
957
993
1013
1015
979
1023
987
995
981
957
1012
1039
1035
990
1009
958
991
959
946
1029
1022
1037
993
988
998
965
962
1018
1016
982
1012
1006
1010
989
1013
976
1039
1020
974
978
1005
1007
1012
985
1008
992
1021
1053
957
999
985
985
966
1049
1123
998
999
1014
1018
1094
1004
983
981
1035
1047
1068
1068
1068
1061
1031
962
957
994
982
1000
1032
982
993
971
1029
991
1073
1003
988
1024
962
1010
1016
980
951
1040
1075
1045
1023
1003
1008
1029
1027
1012
1119
1046
1068
1017
1064
1032
1012
1009
1033
997
1018
1021
973
1014
1020
982
991
1026
1016
971
989
1024
1064
1006
1052
1004
1117
1123
1050
1007
1040
1031
991
1073
1017
1018
1004
1067
1100
1135
1028
1052
1001
1001
1025
991
1059
986
1037
1045
1016
1053
1066
1110
1023
1011
1051
1017
1022
2111
1047
1023
1102
1082
1008
1027
1004
1028
989
999
1055
1041
1042
1048
1017
1005
1013
997
1006
1028
1057
1053
1101
1124
1056
1025
1027
1027
1005
1013
1021
1117
1095
1103
1109
1076
1055
1049
1103
1122
1061
1025
1064
1079
1138
1082
1052
1163
1066
1093
1095
1070
1055
1022
1073
1126
1072
1119
1038
1042
1001
1062
1037
1029
1073
1062
1081
1116
1111
1064
1101
1076
1106
1045
1022
1048
1024
1077
1003
1023
1047
1100
1089
1104
1062
1030
1020
1054
1029
1033
1038
1042
1070
1116
1079
1080
1026
1039
1044
1111
1089
1082
1064
1033
1086
1127
1096
1075
1047
1051
1034
1030
1037
1050
1121
1106
1068
1080
1026
1021
1039
1101
1120
1059
1064
1059
1049
1067
1055
1063
1080
1090
1084
1049
1022
1103
1098
1116
1084
1072
1042
1080
1112
1132
1057
1036
1052
1055
1131
1080
1135
1055
1062
1058
1040
1091
1121
1071
1059
1075
1038
1086
1125
1147
1073
1039
1125
1146
1070
1055
1037
1104
1037
1089
1118
1102
1054
1036
1081
1053
1074
1124
1089
1071
1067
1083
1111
1144
1090
1105
1085
1130
1128
1102
1044
1069
1110
1128
1103
1098
1082
1120
1107
1057
1057
1039
1048
1098
1078
1143
1089
1049
1115
1112
1140
1111
1070
1067
1166
1071
1049
1051
1075
1097
1094
1140
1103
1099
1047
1082
1111
1104
1083
1076
1082
1131
1145
1132
1077
1110
1142
1077
1112
1105
1107
1140
1065
1067
1180
1102
1129
1110
1097
1109
1101
1081
1084
1070
1088
1204
1055
1078
1061
1127
1118
1088
1079
1082
1065
1116
1109
1086
1069
1082
1145
1136
1106
1112
1147
1041
1126
1095
1087
1099
1169
1117
1073
1088
1093
1163
1051
1124
1041
1123
1229
1049
1118
1070
1138
1143
1077
1072
1081
1145
1052
1095
1106
1106
1116
1102
1052
1070
1034
1134
1120
1093
1129
1247
1114
1082
1072
1058
1143
1147
1094
1125
1103
1153
1072
1098
1095
1097
1130
1099
1086
1055
1112
1144
1132
1090
1097
1161
1105
1099
1064
1077
1125
1161
1094
1095
1105
1144
1092
1082
1160
1197
1093
1095
1101
1169
1141
1070
1120
1160
1101
1074
1101
1130
1138
1091
1098
1092
1177
1074
1062
1070
1126
1152
1095
1100
1120
1123
1165
1106
1082
1090
1192
1107
1165
1152
1086
1107
1077
1108
1136
1078
1173
1098
1165
1169
1095
1192
1175
1097
1094
1116
1150
1093
1060
1098
1151
1209
1124
1147
1113
1082
1097
1109
1175
1134
1115
1131
1127
1160
1118
1127
1131
1070
1082
1096
1157
1185
1120
1092
1196
1093
1089
1094
1239
1112
1156
1175
1150
1120
1102
1161
1093
1101
1115
1140
1187
1106
1109
1164
1164
1217
1161
1086
1096
1124
1132
1141
1099
1131
1155
1109
1130
1121
1181
1112
1153
1162
1123
1110
1176
1142
1117
1115
1185
1195
1113
1100
1080
1135
1215
1121
1168
1145
1112
1155
1150
1109
1137
1094
1169
1123
1173
1131
1086
1105
1137
1146
1194
1159
1167
1106
1141
1113
1136
1075
1081
1174
1160
1104
1109
1121
1189
1123
1132
1112
1131
1123
1096
1142
1206
1117
1215
1195
1088
1098
1110
1129
1170
1166
1169
1118
1131
1179
1123
1104
1149
1140
1155
1164
1106
1133
1119
1114
1128
1182
1195
1204
1161
1149
1158
1141
1116
1110
1154
1127
1125
1250
1160
1096
1120
1182
1136
6231
1173
1161
1171
1193
1131
1119
1145
1177
1155
1137
1168
1152
1139
1186
1123
1160
1188
1139
1159
1133
1172
1136
1123
1240
1131
1102
1201
1234
1147
1197
1136
1131
1204
1140
1171
1165
1180
1144
1216
1106
1133
1207
1156
1139
1154
1159
1123
1122
1206
1165
1139
1201
1151
1139
1220
1142
1199
1189
1314
1213
1138
1155
1177
1168
1156
1168
1129
1130
1192
1149
1189
1191
1146
1166
1222
1151
1198
1180
1177
1140
1153
1145
1161
1215
1120
1163
2241
1133
1165
1178
1160
1134
1233
1131
1176
1210
1151
1146
1248
1165
1164
1169
1138
1132
1153
1201
1172
1215
1151
1148
1191
1173
1164
1137
1115
1120
1185
1188
1207
1180
1190
1238
1119
1199
1218
1185
1265
1150
1146
1207
1145
1131
1189
1197
1199
1187
1132
1224
1201
1169
1186
1183
1165
1149
1161
1157
1169
1198
1138
1180
1157
1155
1158
1197
1130
1174
1178
1254
1184
1154
1150
1200
1147
1180
1230
1131
1226
1186
1140
1161
1196
1152
1195
1182
1183
1205
1177
1130
1094
1193
1183
1184
1180
1170
1186
1139
1138
1138
1308
1180
1237
1215
1203
1156
1198
1214
1176
1200
1140
1156
1188
1159
1097
1281
1163
1121
1221
1222
1206
1176
1250
1213
1215
1187
1196
1160
1177
1175
1216
1237
1228
1193
1204
1228
1168
1142
1185
1179
1208
1209
1214
1221
1244
1231
1184
1147
1236
1211
1204
1208
1212
1218
1202
1207
1173
1151
1172
1233
1205
1206
1204
1216
1223
1235
1161
1132
1170
1174
1336
1180
1133
1183
1169
1153
1222
1124
1169
1228
1223
1296
1142
1163
1199
1192
1285
1241
1175
1251
1195
1185
1182
1224
1220
1208
1177
1178
1188
1274
880
883
890
991
1279
1342
1268
1224
1199
1387
2252
1213
1267
1219
1213
1230
1229
1193
1200
2237
1225
1189
1194
1167
1215
1159
1215
1179
1210
1149
1173
1173
1231
1211
1188
1192
1210
1217
1215
1200
1259
1252
1213
1239
1222
1222
1270
1212
1208
1254
1228
1220
1277
1213
1244
1196
1181
1164
1210
1205
1212
1261
1209
1205
1200
1237
1263
1220
1244
1220
1209
1207
1287
1281
1230
1229
1196
1210
1228
1253
1226
1266
1249
1239
1146
1267
1220
1257
1208
1233
1221
1237
1236
1246
1223
1210
1232
1296
1261
1260
1233
1227
1255
1195
1270
1222
1214
1295
1229
1202
1171
1255
1197
1298
1334
1240
1263
1233
1215
1225
1214
1220
1224
1219
1271
1243
1193
1173
1090
1038
1222
1194
1266
1265
1322
1199
1256
1371
1216
1191
1240
1211
1232
1183
1260
1374
1245
1270
1281
1238
1214
1200
1196
1230
1261
1226
1216
1255
1240
1228
1223
1212
1274
1261
1300
1202
1231
1216
1212
1281
1234
1244
1202
1235
1219
1242
1206
1231
1188
1219
1223
1255
1233
1196
1241
1181
1160
1273
1208
1255
1305
1227
1205
1213
1192
1256
1184
1236
1240
1214
1510
1250
1220
1282
1235
1235
1213
1251
1213
1256
1247
1250
1228
1291
1233
1254
1257
1250
1195
1240
1250
1276
1236
1199
1261
1220
1267
1222
1210
1193
1231
1265
1246
1268
1196
1214
1214
1291
1242
1237
1185
1258
1206
1300
1264
1313
1233
1311
1224
1289
1252
1241
1226
1250
1265
1265
1222
1259
1233
1230
1281
1247
1183
1259
1220
1254
1256
1289
1230
1245
1210
1204
1265
1239
1247
1258
1252
1228
1211
1235
1146
1243
1244
1212
1287
1281
1247
1244
1214
1211
1257
1301
1242
1235
1227
1242
1233
1239
1284
1282
1295
1240
1272
1229
1234
1303
1238
1238
1334
1251
1252
1225
1240
1237
1234
1199
1246
1262
1284
1242
1211
1278
1272
1208
1264
1265
1263
1242
1261
1245
1236
1240
1265
1255
1289
1206
1290
1262
1276
1252
1277
1235
1267
1215
1260
1244
1282
1296
1287
1273
1228
1242
1205
1236
1271
1236
1323
1275
1361
1351
1275
1266
1267
1173
1239
1283
1356
1247
1240
1221
1315
1219
1263
1273
1290
1289
1251
1239
1182
1234
1273
1273
1288
1275
1270
1296
1301
1299
1254
1258
1270
1251
1232
1260
1287
1320
1258
1294
1324
1269
1262
1384
1243
1299
1285
1284
1235
1243
1262
1281
1242
1296
1302
1245
1230
1298
1302
1267
1323
1266
1241
1254
1263
1301
1272
1265
1457
1286
1295
1321
1314
1311
1447
1237
1233
1313
1270
1272
1298
1253
1348
1292
1277
1258
1266
1309
1282
1269
1237
1302
1279
1307
1353
1334
1298
1253
1247
1220
1261
1278
1261
1250
1299
1306
1285
1288
1309
1303
1255
1278
1261
1340
1280
1273
1302
1268
1265
1252
1304
1384
1338
1299
1317
1333
1307
1321
1300
1289
1290
1337
1291
1293
1303
1299
1317
1323
1270
1286
1251
1265
1308
1298
1271
1309
1301
1271
1272
1297
1291
1290
1315
1284
1293
1303
1322
1287
1283
1234
1271
1238
1262
1305
1255
1292
1262
1267
1315
1209
1352
1267
1282
1268
1342
1267
1301
1365
1338
1309
1283
1320
1274
1310
1318
1398
1365
1279
1239
1296
1280
1297
1310
1284
1333
1295
1315
1279
1277
1356
1304
1245
1276
1285
1300
1294
1282
1278
1354
1280
1315
1274
1243
1335
1367
1293
1277
1280
1282
1301
1355
1306
1327
1329
1299
1324
1404
1319
1296
1315
1343
1386
1323
1279
1287
1278
1274
1249
1330
1288
1362
1289
1310
1298
1272
1290
1325
1389
1311
1342
1233
1316
1281
1293
1338
1336
1342
1332
1334
1314
1419
1293
1349
1301
1302
1419
1374
1295
1322
1301
1288
1301
1318
1277
2463
1303
1375
1320
1298
1354
1349
1324
1332
1332
1293
1299
1385
1315
1324
1349
1313
1324
1308
1330
1355
1291
1336
1326
1416
1293
1319
1426
1346
1330
1473
1287
1293
1337
1353
1267
1342
1338
1286
1352
1253
1358
1361
1307
1316
1310
1357
1295
1352
1334
1345
1318
1341
1309
1336
1305
1290
1280
1366
1296
1301
1324
1334
1321
1297
1373
1309
1335
1268
1310
1366
1290
1303
1304
1317
1299
1375
1291
1322
1376
1318
1322
1309
1364
1369
1328
1312
1391
1320
1223
1229
1675
1292
1293
1385
1291
1307
1330
1286
1323
1330
1332
1342
1353
1388
1288
1301
1396
1360
1325
1353
1318
1425
1325
1365
1386
1335
1317
1329
1372
1317
1374
1341
1335
1289
1297
1331
1383
1311
1318
1402
1347
1363
1334
1372
1341
1325
1325
1314
1362
1358
1332
1318
1298
1326
1347
1370
1305
1366
1313
1312
1305
1363
1344
1352
1355
1380
1306
1315
1330
1330
1380
1361
1335
1967
1394
1404
1279
1357
1308
1373
1365
4733
1398
1335
1356
1352
1252
1309
1329
1334
1357
1360
1322
1334
1355
1355
1360
1309
1348
1362
1401
1346
1384
1370
1313
1398
1368
1370
1331
1333
1387
1438
1307
1296
1364
1383
1359
1357
1306
1317
1360
1358
1350
1383
1416
1353
1352
1368
1314
1294
1345
1362
1341
1323
1310
1332
1415
1376
1327
1337
1302
1340
1372
1362
1377
1387
1384
1447
1337
1347
1317
1332
1343
1370
1338
1307
1325
1372
1318
1816
1438
1345
1365
1370
1320
1348
1465
1327
1319
1365
1293
1348
1325
1330
1337
1319
1384
1378
1367
1343
1356
1388
1358
1349
1377
1317
1349
1345
1325
1382
1402
1356
1318
1372
1367
1348
1390
1363
1327
1368
1362
1357
1365
1409
1398
1358
1326
1391
1389
1431
1394
1379
1355
1364
1419
1449
1358
1359
1316
1374
1403
1382
1372
1363
1385
1378
1369
1352
1339
1389
1312
1387
1332
1365
1364
1335
1328
1364
1402
1363
1364
1405
1315
1344
1389
1327
1410
1512
1406
1384
1377
1384
1403
1413
1404
1361
1383
1340
1396
1377
1362
1431
1404
1323
1375
1338
1349
1329
1406
1352
1362
1391
1387
1395
1402
1397
1421
1473
1444
1464
1460
1346
1412
1420
1405
1379
1378
1405
1459
1409
1390
1656
1450
1394
1323
1353
1423
1387
1392
1380
1451
1403
1437
1399
1372
1357
1409
1419
1386
1381
1382
1406
1383
1346
1430
1438
1430
1401
1414
1403
1475
1423
1406
1377
1348
1374
1353
1308
1353
1570
1476
1262
1077
1094
1103
1364
1424
1346
1290
1179
1271
1331
1386
1462
1451
1488
1422
1437
1413
1457
1369
1391
1538
1518
1401
1492
1400
1435
1396
1366
1397
1465
1365
1425
1380
1392
1397
1473
1389
1340
1376
1444
1404
1372
1383
1452
1422
1505
1446
1350
1436
1404
1382
1482
1413
1407
1390
1375
1421
1414
1364
1436
1413
1443
1429
1367
1391
1428
1459
1476
1449
1479
1496
1460
1392
1376
1431
1419
1412
1390
1370
1352
1427
1340
1391
1405
1378
1361
1358
1402
1452
1472
1420
1396
1390
1383
1442
1434
1477
1403
1331
1356
1450
1516
1457
1396
1390
1388
1384
1383
1415
1406
1429
1415
1453
1437
1436
1415
1364
1419
1418
1445
1446
1345
1420
1419
1486
1412
1419
1429
1332
1608
1378
1401
1532
1443
1429
1396
1360
1354
1402
1363
1318
1424
1412
1409
1395
1397
1382
1429
1402
1412
1380
1396
1465
1452
1392
1376
1446
1403
1457
1480
1496
1446
1421
1402
1397
1409
1407
1423
1384
1400
1437
1472
1443
1387
1369
1401
1420
1518
1441
1507
1504
1421
1413
1364
1411
1430
1480
1455
1490
1469
1516
1434
1406
1398
1425
1447
1482
1451
1466
1435
1449
1424
1400
1401
1509
1448
1429
1447
1492
1437
1375
1470
1430
1442
1598
1515
1474
1480
1498
1485
1507
1557
1455
1499
1416
1497
1466
1419
1369
1411
1420
1433
1503
1447
1352
1417
1385
1433
1524
1445
1459
1422
1389
1420
1416
1480
1489
1473
1492
1557
1470
1490
1461
1473
1494
1498
1477
1498
1388
1417
1378
1427
1475
1463
1421
1410
1429
1390
1410
1455
1469
1384
1408
1394
1443
1457
1493
1473
1500
1468
1440
1426
1392
1447
1435
9876
1586
1585
1505
1469
1574
1521
1489
1473
1454
1452
1450
1468
1405
1434
1391
1435
1455
1457
1475
1471
1486
1596
1447
1500
1459
1524
1520
1565
1467
1491
1464
1493
1509
1467
1498
1460
1407
1407
1399
1410
1503
1491
1449
1481
1565
1510
1533
1477
1490
1491
1486
1515
1498
1449
1422
1454
1406
1422
