12
2354
2450
2336
18
19
24
20
20
19
19
19
20
20
21
20
22
20
22
27
21
24
22
23
22
22
23
24
31
28
22
22
23
23
26
23
22
23
23
23
25
25
25
30
29
27
27
24
30
29
27
28
26
31
28
27
28
30
30
29
28
31
28
30
33
35
29
32
28
30
31
30
30
31
30
31
38
35
31
36
35
31
32
33
34
33
35
34
33
37
38
37
34
36
35
34
39
41
34
36
42
36
37
37
36
39
36
40
41
38
38
37
39
41
41
39
42
46
49
46
40
41
44
40
43
45
49
47
55
42
41
42
46
45
46
43
47
40
43
44
46
45
43
45
44
50
44
45
46
46
48
49
48
51
46
46
46
48
48
47
49
49
49
47
48
56
46
49
56
47
50
48
48
50
51
48
58
52
52
51
49
50
55
50
57
48
54
55
55
53
61
61
57
54
56
57
62
59
53
58
54
63
64
57
58
58
54
58
55
66
58
57
63
60
56
66
61
57
56
58
58
57
65
61
68
62
64
64
65
66
64
60
62
66
66
64
67
63
65
66
71
70
69
66
64
74
64
71
68
65
68
67
68
65
76
62
72
66
72
65
65
66
70
72
67
72
76
69
73
71
70
75
71
71
73
73
74
104
70
76
72
85
70
77
80
72
79
74
73
73
73
74
77
78
76
75
84
78
80
80
80
75
82
81
77
75
78
79
84
79
77
76
78
90
81
77
76
76
87
83
83
84
89
95
81
76
86
79
80
81
83
89
86
83
84
91
83
83
82
88
87
85
84
92
84
82
100
97
88
86
87
95
92
91
89
83
109
81
84
99
89
84
89
92
87
98
89
102
98
89
97
99
91
88
95
89
96
94
90
89
100
88
88
101
91
102
95
96
99
101
92
95
100
102
91
90
97
112
93
98
95
106
96
100
104
99
105
99
94
106
100
101
105
113
98
102
110
102
102
107
103
103
97
109
102
102
103
106
104
111
100
106
105
110
112
112
104
108
102
109
111
110
111
112
104
117
105
105
125
113
104
112
105
114
108
113
114
106
112
113
113
104
115
108
114
120
111
108
114
112
123
104
108
115
115
117
111
114
118
110
121
117
116
113
118
112
111
120
118
112
117
133
114
124
111
114
119
142
117
112
122
113
120
126
122
125
139
116
115
123
118
119
124
129
123
119
127
115
121
128
125
126
131
124
125
133
131
126
135
121
120
127
124
128
162
119
130
120
125
133
131
137
125
130
137
126
125
136
136
134
137
129
135
126
123
128
130
131
137
132
139
140
142
163
132
131
137
136
140
142
131
142
128
134
153
132
145
131
130
141
136
150
137
145
137
141
145
151
144
141
137
142
134
137
148
151
144
152
141
135
161
154
145
151
156
144
151
139
141
173
141
152
156
143
147
154
138
163
143
145
154
146
153
148
146
150
156
144
159
151
151
166
155
140
162
149
149
165
148
142
160
147
147
168
149
157
175
148
161
164
157
160
157
151
163
150
197
164
145
163
157
161
161
154
162
150
150
163
159
174
166
159
170
160
157
152
167
158
168
153
157
173
161
170
157
169
166
164
156
180
151
161
162
175
165
159
172
171
159
176
160
172
167
155
170
170
167
176
179
176
161
172
169
169
173
169
190
163
164
192
165
180
166
169
175
168
172
175
178
182
172
208
178
177
163
168
176
179
173
175
182
179
188
174
169
179
173
179
167
170
187
172
183
176
179
185
176
181
180
187
177
176
184
177
204
177
171
181
181
187
187
177
197
176
196
191
181
188
182
198
187
179
190
184
183
215
192
178
192
178
189
184
181
199
179
203
187
192
193
195
194
195
182
189
195
195
231
184
199
191
189
184
200
201
188
194
206
192
193
205
186
191
193
199
188
205
220
193
191
191
206
190
196
193
207
188
225
199
198
196
198
197
205
196
198
199
213
206
201
214
209
208
203
193
213
204
222
210
208
202
207
214
214
206
197
227
209
208
205
204
199
208
200
216
221
221
206
221
206
212
206
219
202
207
217
220
202
211
207
217
203
216
213
212
217
220
211
205
211
205
222
212
215
226
222
224
218
226
206
227
213
224
210
220
214
226
206
212
215
226
205
214
223
214
215
223
223
226
217
223
217
220
229
226
214
225
231
232
217
235
217
231
216
225
228
228
219
236
218
241
219
222
217
240
230
239
223
237
236
223
241
221
248
240
233
233
231
228
238
225
235
240
246
229
240
237
235
229
241
248
257
238
246
231
247
240
232
245
239
245
234
238
227
240
228
246
245
289
230
238
247
227
256
238
240
241
250
245
247
240
249
260
249
229
251
245
240
249
239
240
251
237
262
252
242
242
251
255
252
253
247
253
254
253
241
252
260
247
260
264
274
243
246
258
256
256
254
237
275
248
243
263
263
247
264
250
262
261
253
249
286
257
254
260
255
255
254
267
265
248
259
262
261
258
264
256
276
254
269
269
273
257
261
266
243
270
261
260
291
256
266
246
265
265
253
250
297
264
260
269
255
269
261
269
277
265
267
266
255
280
275
262
278
269
274
270
267
274
273
280
252
277
276
274
264
277
283
280
280
261
276
272
283
307
276
271
285
267
281
278
290
278
279
267
280
270
269
277
290
284
284
280
276
268
276
291
288
282
280
281
286
286
286
306
273
288
295
284
283
286
290
285
271
282
283
297
295
318
271
284
290
288
293
287
304
291
284
295
287
287
287
290
302
284
282
303
283
301
291
285
291
282
281
290
292
281
298
289
300
304
296
293
285
288
308
293
289
316
293
295
287
294
306
328
289
297
297
311
292
307
310
336
290
298
303
310
299
301
298
309
294
310
303
303
296
304
301
320
313
303
296
297
309
299
308
306
318
306
314
308
307
297
298
311
309
333
309
319
315
306
325
301
310
309
316
348
331
300
301
306
307
300
328
330
344
312
313
311
315
319
333
316
321
312
307
320
339
312
316
313
314
314
312
326
321
303
328
317
320
323
321
327
307
318
323
356
343
319
332
320
329
325
322
345
325
324
329
318
311
330
336
319
338
319
323
330
333
343
366
321
328
327
318
331
328
336
325
329
332
331
345
332
334
327
318
335
340
339
332
338
319
328
334
321
341
354
321
337
335
335
339
330
352
339
345
326
340
337
323
347
336
336
345
335
335
346
328
333
335
333
329
346
349
326
344
337
337
346
351
350
350
338
344
344
351
343
350
352
333
370
348
353
349
351
345
377
350
349
341
341
344
341
351
360
354
345
339
356
369
359
344
346
349
351
347
360
364
362
341
352
361
345
356
351
349
351
366
351
350
346
356
355
372
356
385
350
354
350
358
363
371
359
352
361
362
353
373
360
364
352
362
352
358
368
365
357
351
355
361
396
359
366
348
360
364
367
385
360
365
369
367
358
373
364
370
367
368
370
392
355
363
388
374
364
396
360
361
379
370
365
401
383
382
388
354
364
401
364
373
377
381
358
409
371
374
368
379
365
394
364
386
399
396
383
403
384
382
380
373
389
402
389
388
379
383
389
384
382
379
387
383
387
396
382
382
381
379
383
403
374
386
396
379
394
390
383
374
387
399
406
382
381
386
383
392
397
403
391
389
383
398
420
392
388
387
368
418
413
408
380
397
399
430
389
397
382
382
396
415
390
399
401
401
384
403
406
388
401
409
393
401
415
388
405
402
413
429
403
395
401
398
418
406
394
400
401
414
420
399
406
395
419
437
414
405
401
404
407
441
404
408
404
407
402
433
401
420
409
402
415
400
422
398
401
396
420
427
401
416
398
420
412
438
405
422
421
425
427
436
420
399
409
418
441
419
430
414
411
408
413
422
429
429
419
412
411
431
421
424
416
419
441
403
420
447
426
412
424
413
428
429
421
439
421
419
417
442
453
432
434
430
434
418
424
426
421
417
437
428
435
423
448
439
413
444
433
432
437
432
433
426
455
443
427
431
451
428
431
450
445
457
444
445
429
430
435
435
442
447
433
445
431
448
452
441
443
451
442
462
451
435
445
445
435
459
426
446
454
464
433
448
474
436
445
434
449
448
439
436
452
445
452
466
461
446
446
438
478
439
451
456
439
450
440
440
442
435
433
448
455
458
439
465
463
475
473
463
490
626
621
746
611
449
491
450
458
463
453
457
449
456
449
457
464
444
473
454
451
471
462
451
452
453
473
442
491
441
468
464
465
495
465
454
476
464
468
447
459
500
448
461
472
462
481
463
480
467
480
469
468
480
467
460
479
491
480
471
469
477
480
489
497
454
476
476
497
469
469
464
469
494
495
458
473
492
476
479
467
486
480
487
478
500
469
488
479
489
484
478
472
494
473
484
481
495
502
479
485
478
490
480
518
483
478
533
477
478
472
493
482
493
491
481
489
492
486
482
490
490
519
497
510
484
488
496
488
521
474
485
477
482
518
478
514
503
492
493
480
518
474
494
499
495
490
482
515
503
492
491
493
495
487
493
504
508
523
481
502
543
547
495
490
511
514
505
497
512
495
491
498
505
491
497
501
510
519
484
498
510
519
524
487
501
541
542
534
522
518
544
519
530
505
512
538
515
502
516
517
501
495
497
511
521
496
527
527
510
528
525
505
518
513
531
509
508
517
517
576
504
526
517
524
523
516
531
514
547
528
518
525
528
527
534
517
508
535
514
513
524
514
533
531
525
504
542
520
531
516
518
518
536
539
514
549
526
517
538
531
529
541
535
517
541
533
531
534
540
526
566
545
530
524
538
523
535
521
545
528
526
515
537
528
523
554
538
533
550
542
529
550
525
529
549
524
545
543
526
552
544
540
536
554
556
545
541
536
550
545
533
529
561
534
532
560
547
551
533
565
543
521
529
548
550
553
546
538
542
541
542
564
536
569
543
539
564
549
555
551
558
555
553
555
563
560
549
602
581
577
561
560
542
552
545
595
554
567
542
580
549
550
551
594
557
545
571
552
564
553
577
559
581
565
568
544
548
564
566
557
587
567
575
570
570
573
571
580
557
562
578
566
564
547
576
548
622
576
584
568
580
609
568
564
577
593
560
589
578
615
549
592
564
573
582
566
579
566
561
553
586
571
582
580
580
575
579
576
573
579
579
574
563
597
576
586
573
588
578
622
576
580
592
592
574
586
615
591
584
584
614
605
570
571
604
564
604
594
589
606
574
615
595
590
577
596
592
611
568
594
593
607
584
596
589
595
596
608
606
609
584
582
596
587
617
598
607
597
603
607
608
609
611
598
597
613
605
616
592
608
597
604
589
610
618
611
600
606
593
611
596
603
617
601
595
597
611
596
581
629
621
603
587
604
620
596
613
588
611
604
599
614
584
621
596
619
590
629
594
621
596
606
599
625
602
623
622
629
621
611
616
651
605
618
607
624
598
617
625
605
621
623
629
635
645
602
614
619
603
631
604
600
632
634
614
633
620
649
616
626
618
646
625
622
615
657
619
624
625
646
607
617
611
635
632
612
662
614
659
618
628
630
618
634
639
624
626
628
654
613
643
631
635
648
634
634
628
653
616
645
634
630
635
653
615
630
631
663
649
640
647
640
646
647
644
636
664
630
645
643
631
645
633
638
640
636
648
645
667
660
687
664
655
626
645
677
638
652
633
660
673
654
654
684
643
650
637
679
637
644
652
666
640
634
653
668
660
656
707
658
648
669
666
656
652
654
645
658
666
667
643
677
661
659
642
657
648
703
681
651
659
656
691
679
648
672
672
654
674
643
680
670
677
662
688
650
672
639
674
656
679
670
661
679
681
678
666
653
676
661
655
687
645
672
668
694
681
682
660
684
662
687
660
699
672
689
679
683
677
671
693
681
668
695
670
680
677
675
691
667
659
677
670
653
674
666
649
654
666
671
651
649
674
666
649
679
655
647
654
673
669
649
682
667
671
661
697
659
658
676
671
657
654
673
667
675
653
669
670
663
678
657
682
680
703
682
667
671
668
688
686
681
673
672
684
674
654
693
680
667
677
696
660
673
671
688
678
667
710
687
690
684
682
676
678
698
672
681
692
698
678
667
683
680
672
688
691
663
675
690
688
671
694
684
691
678
711
686
677
706
692
668
694
678
680
707
707
694
710
677
721
695
678
716
685
692
682
742
699
695
702
698
683
681
675
716
684
693
695
708
707
708
695
678
723
690
717
733
690
747
722
722
721
707
700
711
696
714
703
703
723
695
692
699
726
693
726
699
711
715
695
721
731
706
714
704
713
700
698
704
722
711
702
710
719
706
735
703
714
718
746
717
716
727
701
723
727
709
699
723
712
692
730
717
717
721
728
702
717
771
755
757
759
732
720
738
705
707
733
727
706
730
748
706
711
728
733
729
730
730
736
748
728
749
745
723
720
736
736
723
729
741
722
726
749
754
717
740
726
732
748
738
757
732
733
745
737
724
745
738
722
719
747
729
722
755
746
718
723
776
736
716
788
752
748
765
726
752
773
744
727
754
750
731
745
737
735
778
744
742
774
733
734
747
762
734
760
754
739
764
745
732
751
749
745
771
738
746
766
750
729
766
765
748
793
752
745
750
747
750
759
761
747
756
746
756
762
738
748
782
746
760
784
745
753
787
750
748
777
775
768
762
745
771
783
760
756
790
760
748
798
783
775
809
755
754
769
763
764
772
756
759
777
761
756
782
761
753
819
785
782
771
769
756
786
773
818
810
757
764
796
764
772
792
796
768
783
774
764
787
767
772
784
772
772
789
770
755
785
784
772
791
781
791
797
778
772
811
789
804
835
780
808
831
785
781
803
760
787
773
770
784
800
774
802
772
800
768
792
777
789
816
798
790
811
790
802
821
790
797
794
775
